0.45920742582787116
0.3683382237757914
0.1970681461220644
0.37696057498581154
0.4488992982888772
0.3779540191776459
0.09493826480156795
0.34819437702211137
0.1806441719126454
0.3118193289935698
-0.5232895830448233
-0.30719075018210407
-0.14667279290492236
0.08995939494927145
-0.07786905912044309
0.30063473133480667
0.4571245274220615
0.6196376362088045
0.427706191593461
0.7310605315887191
0.6476208010202609
0.5911510907745887
0.7628230850426598
0.7177913106061722
0.7504667184588254
0.576780218658401
0.7985434570093858
0.5479146894047573
0.3976251950372422
0.40028434566303456
0.2731583536488037
0.670409129721986
0.5254002881972321
0.4530497559605879
0.5540106669318569
0.4005835695522684
0.6778143466127186
0.47586158492825004
0.44034473299006927
0.4966461019264591
0.6103963318019208
0.9213479293668105
0.6587059109795995
0.3281247718568058
0.4472671330542632
0.12510265770397924
0.3274168296665062
0.5074894490583772
0.44064914235669816
0.381117621209283
0.3584677119926605
0.365274828545946
-0.029586754112214425
0.4190770998135618
0.21443411254485142
0.4541205436015272
0.30169826986460463
0.24502742709995626
0.709395905962235
0.6592400805219851
0.5825328907926248
0.21164489114220542
0.1596146322014843
0.2008223728720389
0.3349885268158756
0.22552637726562266
0.13182147859226656
-0.25649846295276896
-0.3817107223399936
-0.07858147740776047
0.12329049969932712
-0.210557370473554
0.13416235776716856
0.1261156412074085
0.601611953689524
-0.13222851134762678
0.30817815038106366
0.6708063683194068
0.6647351178433394
0.6952103375952043
0.6992953925645046
0.8388832119852874
0.91057780592007
0.5281359203397785
0.8096397195642148
1.0465828538557354
1.188139660818397
0.8646941616013901
0.8414057179596096
1.0146769492609693
1.1319643489878268
0.8074616653413916
0.7414338252093672
0.9033657955687833
0.3303600845836915
0.2348611320061301
0.4230971851910312
0.6553323842195011
0.6028102371859874
0.601154160758983
0.7587507652810461
0.7179699068164054
0.7994856839786338
0.6364471792195336
0.6612503750327263
0.9308736380884612
1.2154725550789498
1.2179019364404184
1.0614150876522115
1.0338559159440526
0.9060278957911877
0.8145644183526513
1.0322639206412298
0.06440187212560372
-0.0827153132682089
-0.12359474964506195
-0.0404558464387049
0.004918315077968994
0.16500451339158953
0.2219307739116105
0.173662400697171
-0.06094286614593129
0.02937049190648244
0.26594197605898917
0.09551546901624482
0.08267010748745063
0.3709251004437639
0.4958947264363398
0.6630002139921621
0.31145286831536995
0.8621222839792126
1.1746684576418354
1.1150056083053181
1.0268980735940105
0.9534307107167505
1.1410504945589504
0.7191537773296434
0.7344558053233816
1.2103767039397604
0.7131642032688978
0.9812339156565539
-0.7393732841373315
-0.9236434291966388
-0.019405363727792144
0.7911898113495921
-1.101364213880278
0.6366288656862451
0.19644264446492327
0.712686446973956
-1.0357359322080861
-1.527555543630739
-1.2106063047574251
-0.8385019017100657
-1.3423688946373864
-0.9180969995723205
-1.3728911456564417
-1.24101474769694
-1.4748711574323463
-1.0933406768272302
-1.1731655728397576
-1.6842861394277355
-1.5661739645554345
-0.7487724918313079
-0.20671065359856233
-0.1844325499239561
0.2032212314389183
0.6622726932565685
0.5050904483457623
0.7866103411771402
0.8273570150485384
1.1551919697170365
0.9916442248518903
0.451615980647659
0.9237545507959216
1.2548645073279392
0.9822686605009936
1.0507989447188024
1.3838088783432698
0.5006468426410526
1.0651965635519483
0.6611292730033664
0.8854256338267029
1.084805570282167
0.14741789895248975
0.6906161546764774
0.7876960001224654
0.8548627289334984
0.41126761696074154
0.5977649308924128
0.46076417062765046
0.6329937747868223
0.8019603978644632
0.8644972226601795
0.48990510032844703
0.6456145446626864
0.3130945809726894
0.203074684146607
0.46958925175837535
-0.4896618887925573
0.04805618005929641
0.10325366023383159
0.2624998172526744
0.1845640966563252
-0.11708021464199586
-0.2993976203983089
-0.002676057219866722
-0.2425840504380936
-0.11793592862855011
-0.4158852168508636
-0.49493110699568066
-1.3228415951296835
-1.3424250783274783
-0.5463278510859493
0.15580901103287656
-0.3286235179168047
0.34425801806683204
0.3218009440856175
0.40030026128431345
0.4811756691379898
0.47449465258765305
0.6734445770594647
0.8892954682143692
-0.19850363436151297
-1.1729554617375015
-0.8851189621802994
0.6598447223476248
0.24279423253919044
0.9373449798749867
0.5773586307244121
0.391437503031097
0.048554026216138496
-0.7369481107411591
-0.8292200070820933
-1.541810329671055
-0.7888827950807736
-0.5588862638889018
-0.5519007024004827
-0.10300607213512274
-0.38980577351421836
0.1257972679364147
0.37378565826089083
0.38627374825541094
-0.48624737054439043
-1.030102362887395
-1.1094899747459082
-1.4414656601438691
-1.0645603048208605
-0.6498761201266177
-0.6538027707536648
-0.12782442564884325
0.2988737225305068
0.5924294060032927
0.1523239912083368
0.2593023264062446
-0.7925177298457703
-0.2780739777206658
0.12793217932674286
0.5402170602416171
-0.366186392482094
0.02147375122079723
0.2872774102286536
0.4045307539184711
0.651125768387307
0.09064072827299034
-0.11260599640887538
0.8748750912469495
1.0546566768337506
0.300866790399335
0.3210458725555726
-0.4480093769243288
0.4882929744263056
-0.21496771191630343
0.08729286830839805
-0.1339581915759437
-0.32089695736779816
-0.6019781471931732
0.10918650001661853
-0.648120005636773
-0.9287885316290199
-1.0949635491794976
-0.7150837533101025
-1.02783741748812
-1.0264094688712337
-1.275321293713354
-0.7710186884499848
-1.2634699937558862
-0.5745499647663798
-0.324235895804711
0.029259995909882985
-1.317157480549006
-0.5599547808009998
-0.6918032252311719
0.11877366638338108
0.5024929605702405
-0.04071487723410756
0.26268942183242533
0.3186856929396618
0.6074564038673282
0.7915543228852576
0.7120506307030253
0.37610385080876585
0.6303348271540996
-0.02020241860567159
-0.6508640295817794
-1.2663499750239988
-1.474888827212647
-0.6674860395711889
-1.0323402178916403
-0.23479809569947657
-1.265498872173597
-1.1635232470692514
-0.4806707383396272
-0.6386649873256166
-0.007898056688484105
0.11322501056880542
0.0662024051424714
0.5372629108184324
0.7514374087629451
0.602516547238317
0.23144801767851175
0.37880214977442095
0.5103836223010361
0.6099532315941185
0.7088399459437008
0.9176369126970406
0.3600120090176014
-1.0388193267936188
-0.5500602842289709
0.15167046675823728
-1.0733648991550768
-0.023232842144535255
0.21796559339879323
0.1824873939420677
0.1796362586458657
0.03799313470222914
0.05974099196703241
0.043614294421196256
0.42168815198941245
0.62777906758002
0.2842831584447846
0.39354304693778275
0.1396742240610462
0.5558374868745357
0.8059604556699502
0.4784170906160818
0.693283763176752
0.8097996816757249
0.5730257623470701
0.4929576686091809
0.37446056616510376
0.20119964262753554
0.10318850504663156
0.4811779373387463
0.6274049941781168
-0.24251238579302442
-0.320230516679948
0.18366942552906323
-0.24018620508430763
-0.00018893853674790425
0.7821048212381605
0.9705618171626681
-0.40942498345376266
0.21796254943162965
0.745729434756044
0.28623395482653596
0.8814942395759953
0.8872888981432513
0.4828578676407337
0.06000289204205367
0.6513413537449818
1.6818461962037692
0.21813969234274125
0.4867753446425604
0.8097478180479184
0.6590980071802067
0.8941428830160774
0.7721278646845595
1.1915002889551802
0.8052625089814999
0.19056256260853208
-0.08246101034023148
0.43123960940500006
0.6252840762413858
0.765964980522152
0.6968096230134786
0.34962675675032323
0.5575658506380556
0.9747939866252778
0.6653859280971114
0.7944996195907117
0.714801877664093
0.4829756413527838
0.5919103268608605
0.5070571868398179
0.7013944204392044
-0.1064284887857845
0.379416848935405
0.6486067447809992
0.8093019647202407
0.5899493481684684
0.29649534672845074
-0.2496884245532708
-0.12413776352279253
0.3859391841241516
0.7018503894060959
0.004500429825445411
-0.007483181755472133
0.0167104583088661
-0.2813717238055124
-1.2500781839644093
-1.0320513883117848
-0.3851010449510378
0.13699898588699538
0.2880145548264729
0.02487599250365197
-0.2483617183576492
-0.15089647660071653
0.06328368377560073
-0.025709643444626167
-1.36045009802339
-0.29568231990942656
0.2062834513283116
0.12149187898265966
-1.152901463723815
-1.2052823877278345
-1.0138661929341906
-0.8953956721517767
-0.6226695422901364
-0.6374769570696742
-1.0380303305952143
-1.3119206386901334
-1.6068031862092775
-1.1300486447016391
-0.835294265272115
-0.2508897419830082
0.10386349130306158
-0.2229849802978303
-0.3489483954281758
-0.7389082421860966
-0.9451368267506586
-0.1695147259820307
-0.8677685595830105
-0.6459351046661695
-0.035274786791354
0.22600873199192406
0.40671919851620975
0.1979759332905112
-0.49857534444336155
-0.01958281204737374
0.4921682556614883
0.8819613265482297
0.854066801086732
0.9156100066641797
0.6546202163023457
0.8747380177931663
0.7815436733560304
0.42971426804717955
0.6170891989571646
0.3570953995425407
0.342204694538121
-1.2372317438179625
-1.3986420285841814
-0.9427961639832554
-0.9170029884468693
-1.0644599816407747
-0.86442724506037
0.04821850033663988
-0.7047209130339651
-0.5192297106851216
-0.7345424447729076
-0.6589364595271064
-1.6230496710504496
-1.205283382964156
-0.6102510570720081
-0.04417914201675114
-0.4427570453936975
-1.3944372162839849
-1.3793116970946637
-0.9936294576449004
-0.8029042926289023
-0.7390770358335473
-0.5485441610999103
-1.0925708741612254
-1.3230086453046754
-1.3180671276582692
0.01312922288790916
0.25292021014717603
-0.138182216583185
-0.33902073603343474
0.19026168659393108
-0.35726878883668667
-0.05405529871886511
0.5438771526819945
0.5110608572219116
0.4510896618297594
0.6660544014336003
0.32022438891575017
0.5473492672810133
0.4388265626452933
0.38878191703072856
0.432222970212983
0.03424690096881613
-1.3540351380613218
-1.1212431024227387
-0.9118892183068968
-0.2618325423226529
-0.15762307524256172
-1.2450948824524193
-0.555635278596554
0.2631086494685987
-0.33567575101330305
0.39536859018035186
0.7097608531858006
-0.28520392331363
0.5843255236506778
0.6492179232436632
0.9282272560190118
1.1248194026986924
1.093518427658572
1.081544032492275
0.8509024775476763
0.958694111342325
0.48687743414644774
-0.45633795318376397
-1.0285251425990642
-0.6824296505410772
0.1228325601018942
0.6271508471404961
-1.146032650494781
-0.4694518637253383
-0.19210689284443064
0.11485608115799713
0.3713958089059523
0.29065955778433006
-1.107605794813486
-0.8724667250935406
-0.5795401204533963
-0.974258425908678
-0.8623392869651314
-1.0615884371093862
-1.2451881257779838
-0.9755126161609026
-0.41315828064831295
-0.938074130717013
-0.11873690431936557
0.19274787619147526
0.4273655051719836
-0.005049478013337058
0.2491674851703256
0.3419667166632855
-0.9779647391570133
-0.31091636004064954
-0.12669141269281442
-0.25634177048968465
-0.39258879108457373
-0.9518661283184756
-1.0930425886658803
-0.9929314411036483
-0.7384414461686573
-0.7385309126738143
-0.18776257505657304
-0.1114557350258531
-0.948862917921305
-0.7932915379935379
-0.2080918557717409
-0.03535730049383199
0.14238177054692355
0.3450093333029462
-0.2579645653196677
-0.878386185740442
-0.6326285004612104
0.11407281062265394
0.3828015831985832
0.1710575950184711
0.4160968927625981
-0.11339657704010375
0.16408984111988892
0.04872802411160515
0.03468309906414515
-0.09921280251455339
-0.24256842117970434
-0.47972334561104435
-0.7696430074778767
-1.1052304271969426
-1.1817638967405304
-0.8532208340267046
-0.47407277941405207
-1.054417553436945
-1.1735199643943057
-0.6693188495163872
-1.0524082934764423
-1.1295479129159365
-0.9566837442553262
-1.1454318155282526
-0.8135111719120474
-0.36251734004516745
-1.028867996278104
-0.45722730339109796
-0.11409035417035063
-0.7916413808888818
0.28796295720784265
-0.014706116048273172
0.26762978172102736
0.864233901665583
0.9095695586762219
0.2436905776832968
-0.25175147744230486
-1.1353454430756083
-0.5786465637060575
-0.012537955920006325
0.046406926623908946
-0.10339362728429392
-0.26003633448846397
-0.48706634613765615
-1.5475596783706869
-0.9683681201904852
-1.1211366341399815
-1.148312113080076
-0.7379130555767952
-1.212744154283538
-1.1967053546020021
-1.583932345345156
-1.564147705767816
-1.0835032336771506
-0.9288126740537682
-1.5705703733733363
-1.4117614891277774
-1.5726373353505052
-1.7820967910811392
-1.7302995529620457
-1.3830588759170692
-1.285635413438951
-1.4472213465918888
-1.3772724928867082
-1.5889075365985896
-0.9155317161852907
-0.07776031205190809
0.3218657787704548
0.32010609282476515
0.23809180743900218
0.3455904038484598
0.29007889282151056
0.1734543968551222
0.31017111478952863
-0.40769160815063477
-1.5789529842957488
-1.2511082370490283
-0.529596118209902
-0.9059335328077682
-0.5559239603911444
-0.5562206790595582
-0.38352294929207625
-0.6049418199753369
-1.2281953087012547
-1.0793142472792367
-1.271477017719685
-1.602628896217969
-1.3305873650031512
-1.3248445337232075
-0.9378916513490633
-0.6899900242061882
-0.3234564404219953
-0.35783961920385415
-0.025551299869433466
0.14285793750930317
-0.7242111409195915
-0.12967857213639586
-0.291395827921462
0.27429392911300887
-0.2027097256141074
0.4573149222799576
-0.15061381907330118
0.25496618646345226
0.4286232072510557
-0.26790182187977024
0.21248864760726816
0.2792616118946434
0.4846939421203846
-0.46781756242917716
-0.139519902312858
0.05516755296899408
0.38677819707698197
0.3738192764737463
0.22675228954188628
0.10493540282924854
-0.25785662544833204
-0.4187577393803686
-0.2466067162021795
-0.051023423593983826
-0.3614830699152243
0.2533384086274574
0.3272935809306448
-0.09277622006248286
-0.4943053831033529
-1.260203376985366
-0.10616036025414877
-0.34930724146321207
0.16897816905211707
-0.006861228771322349
0.04041551421058222
-0.6342285341857093
-1.0279500912028707
-1.037565185504015
-0.4465869254739069
-0.5199959154049363
-0.34806219154703694
-0.027593442894951175
0.2159862691412093
0.1387670922210586
0.16956517315132955
0.16188992496618618
-0.006817923908510609
0.10413291940874922
-0.02707116824059418
0.218416233480275
0.2726556981104211
0.3492875835547227
0.06123100439082565
-0.32134018802351916
0.18429547545974667
0.36105067537586394
0.17387685757950663
0.08027420503366788
-0.05804092580077075
0.30846057800762566
-0.21521096806057038
0.034597009494316884
0.13816511531109202
0.08613818283277892
-0.9653105681584624
-0.6241580271178707
-0.5365068773376267
-0.22364100233240644
-0.22471008055558686
-0.06275859645030503
-0.20562559112080622
-0.20929679103357826
-0.13378296226880776
-0.5499524661613094
-0.6081054928737925
-0.49582270892356217
-1.5718745767269764
-0.23408665521929342
0.4762186635975165
0.31397984929086037
0.02136784641757755
-0.5130993094023563
-0.9997653423818789
-0.6808112727662694
-0.27385608090564684
-0.1072855037174547
-0.39310762107941455
0.01498241455678069
-0.40673532777072385
-1.4207127538901432
-1.3038552363192302
-0.44702817176999315
0.08724422050138293
-0.035223470925685445
0.34561283091132505
0.10412188718497327
-0.28766590174878137
-0.009399016606577028
0.017130959131416885
0.13431965247199515
-0.05071320694935081
-0.6897034817145912
-1.0614455192848993
-0.3625360746866024
-0.29841789859931095
0.050367996596918686
-0.09130949697624209
-0.32074702470025185
-0.04506948847757051
-0.07652945955757617
-0.9968801994683385
-0.985008160745926
-0.8942936530617476
-0.05451046868995772
0.20488593680386488
-0.2718321920969385
0.2092213922535225
0.3634596446686966
0.45524765137094997
0.07650067951224211
-0.4294460673010313
-0.503615817971916
-0.1181912772900555
-0.5181029207594723
-0.986053387739805
-0.9671242340015113
-1.2498229476900504
-0.8891945899263954
-0.6115674177211021
-0.9593931531758398
-0.7307131598344151
-0.9805608065992578
-1.5656361924083533
-1.201983272224757
-0.23182046956864025
0.04347837968668572
0.09751894252922971
0.31705538803229744
0.22075178542238336
0.1531088370580563
-0.7761608020348214
-0.7787729143400811
-0.2705104179917632
-0.1524028868072578
-0.30732002213110626
-1.018225185780452
-0.7789931144940074
-0.09678045303835592
0.15510647485696671
0.38694452522215034
0.433995576919299
0.29056782357318295
0.5023420194321055
0.6725954850523997
0.7984180965163574
0.6659913106589593
0.39745422714443296
0.5614931040282071
0.6530361654976234
0.8447606832809382
0.030996764069975608
0.3122444135008011
0.40516237310799247
0.33675853682716206
0.3305217213440909
0.2289082445008156
0.0032815859630122646
0.40018371832937116
0.3371826642766516
0.08221804278660148
0.48844647515116374
-0.08883678561051316
0.09288331082697696
0.10393205421507602
-0.19369942367895426
0.3067010582341899
0.4260336863055868
0.37303116449074286
0.056725373376330844
-0.3209568420956724
-0.29552468104350865
-0.4857115621645332
-0.7616230010990314
-1.151800156811144
-0.8944577229642625
-0.7467142842631965
-1.0303838921518462
-1.7161239226631466
-1.205606514922102
-0.255162811225486
-0.37916284448968607
-0.029321875157055543
0.25907306675682684
0.18427345830489736
0.08819709825534355
-0.8513183204662904
-0.8356050798546981
-0.2884657162043739
-0.12961229177716804
-0.25920996545408687
-0.11885666352221781
-0.4370897922318251
-0.07777249509121062
0.06767201757689952
-0.6763033698535632
-1.0004900075398508
-0.8083407700720738
0.2748556750860054
-0.1708807451173914
0.07261699532181665
0.3113474759093662
0.6815431110955046
0.1020868330144402
-1.2144120775169733
-0.48917330703313466
-0.043097935593278604
-1.1139557588106672
-0.3011624656575293
0.15580003512012325
-0.1279124258568402
0.2329248057167034
-0.05673979101137758
0.09897251205021466
0.2561207541571812
0.2959531564315752
0.05088046975036702
0.021065116489102746
0.3428580274503083
-0.12184374825423622
0.11985485788468393
-0.09938065673499295
0.0418636000972307
-0.04086519560089327
-0.7997860460161176
-1.3762489322766724
-1.705921405595943
-1.2528630449322384
-1.3294247609388565
-0.2485084086919075
-0.4531025935440627
0.052937997681802754
-0.15911606572374865
0.041798389329557865
-0.05248426472465655
0.02828520225733644
-0.13318531130083655
-0.04291301569222489
-0.9308494972418226
-0.3850767554280379
-0.5019711572293997
-1.036795702937137
-1.2427283654301506
-0.9179682712892977
-0.39263744221164454
-0.6857454461578442
-0.49336805982996007
-1.4148960869425462
-1.188459842736848
-1.0865183360117134
-0.4082197033152186
-0.42350664974108826
-0.06283317567957708
-0.28320999126408253
-0.12999583188794522
-0.17227176291510254
-0.08392956603441132
0.11214171226023693
0.19840740027184176
-0.9615137093706242
-0.5821090745668354
0.043174173641194524
0.12045095596671462
0.22434586256308486
-0.21443578891257162
-0.3177795877219889
-0.2581690123677426
-0.39982165522778296
-0.3034120248719832
-0.3568220988966006
-0.5584115204715095
-0.6474077622389692
-0.28248085066604167
-0.27755609237690904
0.2178683631560967
0.7063391620600816
0.5987647668861582
0.748916704821395
0.6068761690108173
0.7854119258899259
0.5041271573625922
-0.027504830653301438
0.03990640067306611
0.03409446084456668
-0.6479320337831568
0.10867554398504967
0.0755460119585027
0.22183686669183103
0.6279550619183345
0.5547201192006884
-1.0023135429571695
-1.2606321871827986
-0.11526746727931883
-1.0684324908409384
-1.4181724849474275
-0.8042629003970923
-1.056511986193612
-0.9416940797655805
-0.4347298035207765
-0.23207581707303507
-0.33160073890132724
-0.26153945299202325
-0.4898045921287328
0.011444982843671864
-0.822345502215883
-1.6584373703109598
-1.4221989023413686
-0.44413805697349795
0.16154835102991963
-0.10171234678928147
0.15350711881898174
0.23900282219233546
0.48407926573648846
0.2391373921386879
-0.26799678276417366
-0.9918015282079523
-0.302446659180455
0.33405925688224447
0.16165230491402244
-0.05866794005824743
-0.6363038792256757
-0.33148887499396046
-0.2952669087491916
0.14565795437269657
0.22093804392842087
0.08831788635231408
0.3818144573243888
0.1929074228280705
0.12235687398485448
-0.051930178482236064
-0.20971038883117582
-0.05858141021956907
-0.18512376913214484
0.1115189929331409
0.02414602196729581
0.38370600233748886
0.08073148169535237
0.303861128571229
0.6843980279987784
1.1603307277879313
0.8013163461815235
0.9899834809557511
1.1194858256727325
-0.16878631307459788
0.5271052087052591
0.4553691746618666
0.45514160825404343
0.22584794624471666
0.1512123691455121
0.507386819007197
0.1537536993000901
-0.1270235721488434
-0.4225341463272077
0.02159064533148315
-0.9855074891569626
-1.008104652848806
-0.24436686187823525
-0.258073923263791
0.10437234034462785
0.31416293560230735
0.6163852216485607
-0.6988748072173278
-0.9831943913239718
-0.7237047620777965
-0.6725921259619638
-0.8075922132067639
-0.3097600764298499
0.21004817131153072
0.5450456969259588
0.44860661440234145
0.2626380786642257
-0.492214382121376
-0.042728051361144326
0.21908465510748412
0.23019446505059687
0.16330668675687973
0.4742928813357936
0.6170505759179737
0.31488263190949034
-0.270194440947779
0.014225690350679814
-0.7642578657746358
-0.0009614665272710028
0.14571505873971027
-0.2571089633103313
-0.5634325078568221
0.5131908912241275
0.3993760739674062
0.22256261420053944
-0.45719850443149707
-0.8754846133270664
0.41491429217768505
0.8027720250468109
-0.4827042906555028
-0.3624713200470639
-0.09033329383548334
0.3759105067405397
0.678511401128363
0.5519397832388683
-0.4459692820085012
-0.4152594225346252
-0.1900250953288105
-0.13887527076122777
-1.06085898505085
-0.37103177021286526
-0.2125771547290084
0.13211948201017135
0.050927516028413014
-0.22163595319674054
-0.561442678425527
-0.1860069241887612
0.4757905968516911
0.44666927677264084
0.27720375502307604
0.6767676134172899
1.0400608163778162
-0.25124662880164556
0.17317761697101322
-0.4927697936366725
0.1209334582087868
-0.42080415094011653
0.7203391391497138
0.6633787261118316
-0.39107630418501094
0.0506962200601301
0.10732743440556267
0.0202244200335935
0.2973275711860353
-0.6168099225133058
0.6743373886689632
1.0432196879801898
0.09088290229470412
-0.6414778005422247
-0.4911447806709863
-0.7222925948796205
-0.5140014284660602
-0.5031153875561126
-0.026417536149366285
0.03127225847935325
0.14738030500486013
0.04078418141394118
0.07275556227207584
-0.43166567239944675
0.2594828178576952
-0.0021668183485227905
-0.27272257424989127
0.19332639509771124
-0.021987006938277334
0.5083459484865467
-0.22835226365330433
0.6434017928560521
-0.4134700641437221
-0.6022475130404775
-0.23954444787727164
-0.05040223688130866
-0.10062515189269419
-0.24450796379097645
-0.2680454471817148
-0.1749088984889983
0.20259601673066685
0.19491466586292508
0.502535857452419
0.4899383405873903
0.13724727918333343
0.5911962445223673
0.8237652629919242
1.0084342887743067
0.50802112890255
0.7975913075762806
-0.8004816440510856
-0.20832494609686175
-0.5941158267613537
-0.25362676733637907
0.20693086331007432
0.2999266521961685
-0.07453633655343181
-0.4451512055255636
-0.607267082303551
-0.5197535307011961
0.01452797795973717
-0.032692907265680034
-0.010489748082637688
0.26693475900998753
-0.009793223521739164
-0.07503768929666702
0.05921187981164194
0.17286571273417717
0.0005382564569866289
0.34953424213423157
0.259295523083
1.0382110608573178
0.9416376921618355
0.9473696400768273
0.8818308692831816
-0.22687497777660284
-0.2830778493333133
-0.38564412277793086
0.07164953614748329
-0.3568254023481164
0.14553355814089033
0.47597225991436937
0.9285500559485163
1.0219133994274467
1.0884777350036503
1.0092707156910838
0.3623736822929797
0.8542819915981511
0.9646411313321942
0.6201083728237264
0.4460306894867948
0.39910800247188355
0.21285273152660922
0.3149680089812882
0.4223178395727024
-0.6350066116636774
-0.28560816721409416
0.27265331601684384
-0.6567831918059068
-0.31675238588112853
-0.47836503175258693
-0.21581207519988646
-0.948884306394084
-0.24089894222887268
-0.07956373352213911
-0.0545344827265786
0.10062887600056535
-0.1778316009095598
-0.017330497874466808
-0.047531417228273115
-0.34932766334062026
-1.0575514235696437
-0.9746533510689067
-0.905195227057618
-0.5942034530248247
-0.365236091567135
-0.23117313824936642
-0.4844919459199354
-0.2920183212908181
-0.2271179887484368
-0.13215575477996572
0.05256517931950115
0.008652444106698326
0.20530172378353387
0.010101720647769654
-0.08777231134031259
-0.19449849652296042
-0.17723531325370098
-0.21308850810460564
-0.5716335921201027
0.3398525322221778
0.5260923453420461
0.32778041089226845
0.5344150696094802
0.44747803354434484
0.2310049691102524
0.45255387344460934
0.30207568927954226
0.4490671743237634
0.6303356258640863
0.33477126641915017
0.3849372768085607
0.4532521235237926
0.2648185762661218
-0.41979729632939905
-0.4655301433519201
-0.16038231628080338
-0.389538467531956
-0.16968602682540732
-0.18439723137864705
-0.6599980795074508
-0.5206876711847872
-0.5351456058340802
-0.5764337916208645
-0.553843676311065
-1.0158288490264857
-0.9191978868133748
-0.4722093584010638
0.09537262492344768
0.14107865327247135
0.30087892817448625
0.03948155437055762
0.12668516391967802
0.4794071534100299
0.6027918957312131
0.3178453444203742
0.20843114357391002
0.22890846933811118
-0.026319604122643506
0.22480582013202885
-0.1418910062630902
-0.26349575571346834
0.17207626272183799
0.27794854144421804
0.23327137527565053
-0.4691315416931072
-0.1790755047918996
-0.14490694476040608
0.2654470171259062
0.31456801777412763
0.3165776588209956
0.4417944912737882
0.36369738707671423
0.3142491793919279
0.5203365530740963
0.4402792109438264
0.007298100162558682
0.015180107642058497
0.3656326218053587
-0.6181732256171346
-0.12461947494330874
-0.3762576900612009
-0.07623859859842022
-0.7608319592008516
-0.4272702149434198
-0.2440944891109014
-0.8612817032552201
-0.3120817065976234
-1.1348544399492393
-1.1928645744954258
-1.1670656279532858
-1.2453992353432781
-1.249031627597169
-1.033396398861015
-1.3080948386884912
-1.0954394160251149
-1.219104760209489
-1.3908494588059914
-1.2903956518786015
-0.726242488477418
-0.04935412023563082
-1.227395074970979
-0.11752977283638584
-1.0305235379400213
-1.1333026763897749
-0.4955922651811323
-1.4455279255504172
-0.9633624133103066
-0.41958347164263105
0.15854374956051207
-0.253188787700203
-0.836047625360636
-0.44715578875533685
-1.1064677743051334
-0.9892723737113118
-0.9185656350086577
-0.580556356473054
-0.6541480590708518
-0.29786241773458894
0.12178022908498796
-0.018509205597818282
-0.08884919926091618
0.3015634490300377
0.5167797202830785
0.5442029963816973
0.14660161501539562
0.13516194885103727
-0.12538026503687566
-0.10763093361437306
0.04817960785212986
0.13818098116023866
-1.1785110168447794
-1.3684648344627965
-0.5292466567908003
-0.16361401668141246
-0.40843602897456766
-0.42463850183213153
0.18273636691058168
0.17573131802253975
0.3846091399230458
0.5362640168395939
0.5066879676657953
-0.6551758881739782
-1.4698877525385765
-0.19053284965589182
0.2402290317788288
-0.7341944403654673
-0.49434791607545175
-0.8380384123668667
-1.4669663153876964
-1.4632040125020502
-0.9605101097955306
-0.9118894284546415
-1.1243481800015203
-0.6899546912980778
-0.3537943924984246
-0.002134424782986942
0.3332120799669651
-0.2386414695870216
-0.31981176029925706
-0.9553231932825665
-0.47072981298766015
-0.8285665002045224
0.07300178045870587
-0.02345368892541254
-0.43833558217451946
0.22342643465463885
-0.8404958930067331
0.1046475353724885
0.5327684768473733
-0.4343030520309953
-0.5955272363423937
-0.41191520419738537
0.018817827063969297
-0.652609492078478
-1.4141821980305107
-0.7248403880675013
-0.36876376644333686
-0.556999270588824
-0.6209877882028452
-0.3443124454042075
-1.1796942749985144
-1.0734130111199311
-1.5677381488397475
-0.6379305110242153
0.0689775375635255
0.33109636572527296
0.78292701553593
0.2557424178559189
-0.9775561884189993
-1.4704735726067162
-1.5155994112325406
-1.6415246915002473
-0.9185413283187868
-1.1691632247015271
-0.7958066344314771
-1.1410417717285708
-0.7890947118236679
-1.299551200509908
-0.8592652538576541
-1.3700935461737107
-0.9519347983892364
-0.05629972558067787
0.16255447523961683
-0.13027068755653576
-0.4553775118471698
0.12374248524170431
-0.9340845082711623
-0.4059406999579721
-0.22349736507618878
-0.565857349675135
-0.77495214459116
-0.7790446052750274
-1.4152134653029087
-1.5016474010280827
-1.2987308642177213
-1.239443404442095
-1.057719580207028
-0.43600612798965654
-0.5550969439773946
-0.2688476370118158
-0.6045224884293989
-0.3437948181513422
0.17538400326434775
0.5870698957069038
-0.7091522860293619
-0.8318215139037037
-1.1018843743252886
-1.2275544956249045
-0.651317879635715
-0.8468048863967017
-1.1806843686643897
-0.870094756996896
-1.1320751414651709
-1.3107622822475926
-1.2879413915902045
-1.1339881319574125
-0.922966082998993
-1.1746393153227894
-1.2075420456833417
-1.1496259073986892
-0.7345240966481916
-0.48083559258676345
-0.6281640407494541
-0.6241129835123057
-1.1330196056887947
-0.23697540395417405
-0.08081880517953689
0.12384131751739855
0.12553881833235908
-0.08391441090420124
0.31814220665101245
0.46165930654046744
-0.15103256288338765
0.3449740943093384
0.7431962847808796
0.6128027280728753
0.8315357083286447
1.0956754023482302
1.1105510331776687
0.6974571079727451
0.738900863855118
-0.30206604228677925
0.43914659482665663
-0.40788766594403747
0.49034814512131364
-0.12662386670009912
0.06766843001434618
0.3638708253449204
0.6594176532113001
0.5220426233172283
0.1254489466994803
-0.026064436468119477
-0.769605685496704
0.015192162592956316
0.5010047321219699
0.03622663569793168
0.30024704571968486
-0.05667699928341777
0.35660828505533304
0.6227041953180776
0.5787710736841825
0.5946463430256732
0.7200073453444649
0.5912600873258304
0.6634080126526627
0.5044323540773104
0.6836139414722359
0.721145544818764
0.5967695927467943
-0.5438756803836093
-0.8682290131422931
-0.9899508772527524
-0.41779014042766655
-0.6474202895497378
-0.2981367187762989
0.3279400484906492
0.361387293262832
0.4529805425978539
0.5796169353164773
0.3721183584002724
0.9774673467671245
0.8796004089456821
0.39116519603222377
1.1079366634939596
0.5111945814025671
0.7128148458250643
0.7597373642744549
1.1664725306247568
0.8718209114990959
0.42314269802588744
0.7126171644869764
-0.3120131001681062
0.35990190630985636
0.5828805916392956
0.6001109187192822
0.45104162571427836
0.5471527239960623
0.4129792184341797
0.3705929120616569
0.3979960795580198
0.4896280696861726
0.29182347160591865
0.750104747277863
1.0721702457874294
-0.13718162222312796
0.6042198336412096
-0.9467162777257747
-0.2451479178420783
0.39738331133390786
0.6205567095067916
0.8091853284511157
0.9049170475883009
0.8664466166594055
0.036373614781517946
0.413602453019063
0.9757684977234062
1.0045815617430913
0.8507611811757289
-0.05551005487246021
-0.6742780040009612
-1.0924169698336768
-1.0452236495759666
-0.3290551465634005
0.7474199812660623
0.8211181576756266
-0.727055616691339
-1.1012645172589286
-1.0607674807263516
-0.5547060422676726
-0.5590740666683952
-0.3331647016637199
-0.2931711772218533
-0.3096555991838772
-0.0896044478657676
0.5738354256436422
0.3384826683615445
0.5705735664922927
0.6477583600075448
0.4844579482924664
0.5205921845946263
0.4008369442501401
0.7309040220726858
0.8465818652102582
0.9229349801551326
0.9555874388278813
1.0407799659795376
1.1762121714431244
1.2747628094565864
0.11839888887589917
0.054097656742989476
0.3164615292323703
-0.644525043989399
-0.6606627342957395
-0.9237126352064411
-1.0843238135513695
-0.7220351355772052
0.2704592715203426
0.7168849313172445
0.825544517443726
0.8583802150273817
0.6732326167169022
0.7775740410660796
0.8150061345695653
0.8990393632878295
0.7569509215203881
0.5757027576980082
0.28711139759111576
0.015945533720085482
-0.6605064676453403
-0.7297681463752479
-1.0533683179198676
-0.8767513305239236
-0.6332474844385461
-0.5220979909529702
-0.30089738086879736
-1.0197140077597078
-0.8312636240862195
-0.0922523879551093
0.45938190165569676
0.8205544188879803
0.7250525787282295
0.268804098618997
0.18841316891855206
0.10849287021183208
-0.0014275102456495973
0.1109876598014926
0.4687607425133827
0.5908182472319852
0.5618542221042958
0.04163189939467794
-0.19321365966248946
0.49311966125482565
0.8367504277628973
1.0841803615487167
1.2516883326368418
1.3165441010009438
1.264254627334912
1.378631216121825
1.341634043613253
1.3886950980259716
1.4213018284602492
1.41882998360005
1.345183211762215
1.6059933250383343
1.383405089925985
1.495646700890224
1.4907278454628963
1.6576058571997807
1.5218374996189128
1.5450775626242106
1.5842845505004963
1.7381051149523155
1.2772043376040203
1.7518357287802282
1.6588076594348606
1.4107210169521485
1.3359830548424674
1.5114715371825205
1.5042869626161255
1.5247107169823433
1.5328950855726793
1.481369285993454
1.7247687787396664
1.3603348211971442
1.0598024330704872
-0.06455882412790717
-0.7766140568919372
-1.430105996299484
-0.8802649602157436
-0.9632189834399305
0.42121877450810724
0.6848844674166413
0.7562250978602597
0.4076292602925425
0.5287995133768888
0.6440562182884223
0.9232596168423932
0.7128812130017683
0.29280052357784553
0.05600788752910483
-0.1282713089863315
0.036430589380999016
0.377445411704237
-0.2699953574983701
-0.4535910407676848
-0.07642486489659212
0.5167627276265712
0.8068092177784673
0.43204604749362135
0.7209664467722076
0.5897957063922378
0.8447316895093445
1.0329210377578941
1.1434297252306753
1.375643400214224
0.6212215853506857
1.1645134291115695
1.340488628635804
1.3290394902120275
1.1513841066413422
0.8894190781819767
0.6933029575269254
1.0157899917457194
0.9163321108758224
1.1265774540702556
1.0423345166040037
1.2677393749329429
1.1841323910647148
1.1490695509225237
1.3308797701187163
0.6467649450701582
0.8388564113389629
1.220654457500653
-0.6405893732656269
-0.601904668050507
-0.590775481629309
-1.7641066657849477e-06
-0.498588325807026
0.2803487394907673
0.5098016637084319
0.25001702465073133
0.7818496832937756
0.9868994296633308
1.143800192429387
1.3470391248520617
1.4414593251593435
1.0915137658630671
0.7384829210228577
0.5902322281431975
-0.48483131242796135
-0.6667491056300663
-0.9065445737375503
-0.8554034240267281
0.3869694559106078
-0.8842619405681491
-1.2127053663810097
-0.6385375737376886
-0.2708448702274641
-0.9957383293522039
-1.2619021041052652
-1.1891667672093362
-0.525263548874139
-0.4212547059061704
0.14561033428077233
0.12006103382849533
-0.04040702438277949
-0.48451340874286125
-0.3743038458100148
0.03595512733745564
0.46047942686274573
0.8512771869841895
0.9409720114774418
0.9624268032195813
1.0933748230960165
0.9378889763411514
1.055889257012061
0.28296818621536224
0.5257395163090928
-0.4136621936294175
0.40582535764489125
0.6051091332544609
0.3940345535418691
0.7159482663232272
1.0242966113757785
0.8880113763078057
0.2890177714375567
1.0553006270746088
0.8385262222532087
0.7491181060454662
0.1674319201082776
0.4138924139295587
0.3183740269087042
0.27690176941508393
0.2942807083870134
-0.8069520859861485
-0.7274911050066789
-1.2342627309468786
-1.20228993246193
-0.843705861092931
-0.6161086446632751
-0.37286940813918423
-1.2957302401342208
-0.6365627034820983
-0.6201910732327566
-0.980150550561213
-0.1827131722744564
0.10745946260970318
-0.130476406605956
-0.041948028583530333
-0.46459852493680576
-0.5617658785296888
0.22742041264171656
-0.4211378710246126
-0.7063988533938474
-0.6759337206406223
-0.7114358235595819
-0.6959133492953316
-0.12969221856528687
-1.0598620667282785
-0.4747802154685222
-0.7675927929928933
-0.6450693829762895
0.10081166968148433
0.968040688433694
1.318787778951179
1.2409509159152374
1.1854583875669342
0.6871004098924988
-0.05510457543332995
-0.7405811704536016
-0.15439825413844555
0.4129570618444483
0.7436768450246622
0.9154706516753872
-0.8778318830585038
-0.13067026703298487
0.6274792966637884
0.6925253575758678
0.9800879322277454
1.0171861212355382
0.9426033907910721
1.2089926511574907
0.8190961383060127
1.093136410360364
0.8797071337911346
0.6914869644172833
0.7405900189821301
0.9554042492895145
-0.4449649280970585
-0.10832393105611962
0.5135975939473673
0.9087341249895741
0.1589041866035968
-0.3026357291820856
-0.9620792390016685
-0.383571228230067
0.12913101258493526
-0.45007815225479986
1.1116867568834963
1.076117399669861
0.6324166946267483
-0.08539443162620398
-0.0790870476854402
-0.09632460946449364
-0.4936865026439481
0.2303251698039531
0.6955196714613323
0.9186217640929907
0.4216284467068026
0.4958454302862492
0.6841670132135453
0.5360603873876615
0.5758355707186031
-0.7619169897599771
-0.23384720862652864
-0.9844824463651204
-1.2503912882399972
-1.2529291002445524
-0.5730691746265945
-1.447751470794013
-0.13756197222731467
0.560899994682019
1.0365232736909082
0.8416211963645184
0.5441003278813297
0.6169125082623239
-0.11760846708234894
0.5736357035793619
0.6216051091991771
0.3831358699492358
-0.6874016884542035
-0.4089370560182873
0.15046891538654558
-0.0879315938794601
-1.0797931786480577
-0.4078061405464906
-0.7076966051823267
-0.3015359581643765
0.46574827999825036
0.954975986415234
1.0536424742728974
0.7221250511933093
-0.6864708749780801
-0.37770645833317745
0.5064231969495747
0.15814433536945163
-0.8909498270055929
-0.10685052594975458
-0.2893562668727807
-0.6906767508390852
0.26793520669505566
0.46153223234411583
-0.7741901382001004
-0.979646474127077
-1.1628702803900068
-0.6724258929222057
-0.27405984231397595
-0.220222195466307
-0.14329723520657955
-0.18095903792486587
-0.1741627979449388
0.030616811518886813
-0.16641528380907836
0.05378509423043165
-0.19609240218137594
0.2823041796167174
0.31015203191473467
0.6039503100473148
0.5811956918400316
0.2912106389324508
-0.19535418035866547
0.07786119925033892
-0.4522503158623585
-0.9104030912022516
-0.15109143401036296
-0.2992125344077001
-0.18573454384213117
0.1100279122186218
-0.4435727236972863
-0.23164415530700463
0.18983405808765794
0.8751881751323356
0.8547671028607468
0.8719727569545929
0.8890111239685378
1.0276586838310275
0.21503155359423526
0.015804091670096873
0.003903100074168974
-0.3578160880863845
-0.14159569369533676
0.16381232118334965
0.2574507245126424
0.1987655929332133
-0.49950729577240993
-0.18113040012880902
-0.9285832227764903
-1.4637251389143708
-1.2098528356523874
-1.2627789236184712
-1.28297112803024
