0.4018230306124713
0.4126280571626789
0.042851295391956985
0.16927211793644995
0.38977453469768414
0.2717634654005588
-0.011732177641863129
0.06029599339840471
0.1057115766554943
0.5023829586042011
-0.4583934921950148
-0.6576094164379072
-0.04976134096246365
0.39646468544831237
-0.04717342776471593
0.377936551565509
0.5950119488477513
0.62955095722753
0.5321020917294007
0.6674831685905028
0.8166650259926463
0.722452198148742
0.9095480689072186
0.7732521094860326
0.8426813822485737
0.6328636269974663
0.7898800860934073
0.5010084419983832
0.3894672615173997
0.4187115603978155
0.2822386240368181
0.48205329955231463
0.5604900118144278
0.6154531359583851
0.6254618189154288
0.4037649103799058
0.7223777027432613
0.42565803454471723
0.4203929438491105
0.6931442328389893
0.7494881490153322
0.7782906940715382
0.6441393647985447
0.48960331640689164
0.5774554845684039
0.28456733360916975
0.48408919915289916
0.6076114447281732
0.7067847989761918
0.624784672728528
0.6684799098741954
0.6632167841859623
0.17292572338906873
0.5931359704264649
0.5088428023432863
0.5816965709447348
0.4161189734024831
0.1280172853865957
0.6347386293888987
0.7114314975378598
0.7754563231156997
0.20705878207926182
0.03827879838161461
-0.005087898554787698
0.2638632540069478
0.138121217885188
0.19459290499918508
0.13713440723916323
-0.21746597479823873
-0.4275895585988007
0.07082365113112028
-0.21775209959146505
0.24867981780417864
0.18494646471820414
0.6522826209853932
0.03237622576741642
0.5233971401062769
0.65449466434161
0.8047929096116945
0.6057270889166436
0.628826260139053
0.678575474853566
0.7506642781092101
0.523584723859657
0.9017438826619532
0.7780297071581962
1.0062574127096229
0.8773061019987304
1.035267373209064
1.04594526445759
1.1051886598908214
1.0342288618141944
0.867847384087585
1.1499884219235974
0.4775008451382873
0.5031230117794663
0.620854284572634
0.5631643785466417
0.7406505523670418
0.6949738480054312
0.7875628821276345
0.9834107331938592
0.9550334901316687
0.8137424140732528
0.7312433773616338
0.7909541153874743
1.2329264617504587
1.3084000527684054
1.3175221347379384
1.103372100582781
1.1716557328699653
1.1075465867128915
1.2126432912763008
0.0441489590927257
-0.3980066141081863
-0.40039819196035276
-0.3192112396221895
-0.07427914602785995
-0.10255429912475508
0.19722045716469777
0.25697201849772316
0.3164899355210323
-0.012873650173171849
0.326131083049459
0.02941219620597913
0.2234934542114926
0.4887934990605565
0.5184183094831547
0.5502172711489492
0.600157693964139
0.9053195417301679
1.0541419963727487
1.104524233491921
1.235503192920569
1.231688647675041
1.2564186738442746
1.0837462683409556
0.917041090726238
1.315278137155863
0.9347817791399793
1.2339955323924983
-0.9818601312798562
-1.2703723164801766
0.10210396814657459
0.7906049721790046
-1.1907632116123164
0.5939023490351992
0.45103400483174966
0.6618815365904294
-2.3954118434382714
-2.7911076293812753
-1.7798856696482381
-0.7559771549711655
-1.9625935535341636
-1.7526018278032838
-2.6218100206920756
-2.153657334683956
-2.0187295809935293
-1.6680924897858889
-2.4573199737957503
-2.9222155843558784
-1.6756238404019752
-0.8614007619261349
-0.02913051754202837
-0.2754580057011036
0.3108930176238136
0.6479549082041076
0.6548381327218745
0.9302841310260384
1.0406862211657006
1.1543853649269868
0.8850573143093108
0.5360665957078419
1.076167991545524
1.0114928337485125
0.9301223813659178
0.9975659781440435
1.2340505562207729
0.5804744033872156
0.8927641471074442
0.6677400696014039
1.0785882584205386
1.1012654423952242
-0.10727053198575043
0.71144714804357
0.7647330836257895
0.8704746426090142
0.1842108309756443
0.7268018293090461
0.42681545190307774
0.6110056100692135
0.7330846940036181
0.9062623870876341
0.46439305064907954
0.6590875738434405
0.3632555109821528
0.1338281470959789
0.19350742960921902
-0.7520375733941769
-0.010555513580755085
-0.13199070915112132
0.27536237937414687
0.08555006832846418
-0.2978472747195956
-0.3059551968745401
-0.1440566156742313
-0.39164003732260766
-0.030124529228819252
-0.4635622638951189
-0.9368566930543768
-3.028372916404889
-1.2183078233727307
-0.2915649994844207
-0.11138260281614981
-0.3574190553981873
0.23434238297947602
0.16573166659983818
0.08691951717051238
0.4372155194712177
0.5494773330286904
0.6236983552430516
0.9326010622037616
-0.151466377852995
-2.378957262293157
-0.6334548570718871
0.42878853104447107
0.23857490046166605
0.4471076317457337
0.4107383531421052
0.08322586519513417
-0.18587773019690756
-1.4003931927168962
-2.0381668133717152
-1.5610664260864693
-0.957490578963697
-0.9087999964055213
-0.9051870639283816
-0.02176195286736112
-0.015961277249752957
0.11712435583067488
0.2752025364500989
0.3077024806769998
-0.8716878148965339
-2.20740610166941
-1.5998831612968252
-1.2340475704120324
-1.2039293520570558
-0.753327104341272
-0.9499996603710229
-0.3187670508820862
0.1989619278162369
0.4488851276842006
0.1551771022183426
0.32824563054177175
-1.1609288054610696
-0.10750797109685896
-0.047216229481048096
0.36532714045059334
-0.5698503426535481
0.01576988080973221
0.09556677895488229
0.613220296961266
0.7702245431370923
0.32628577762318267
-0.0914034206096345
0.8594264289370985
0.8789401767203943
0.14275825198269282
0.34289536600991266
-0.37457144802589676
0.3920114969037442
-0.4097749331096728
-0.06753632173478012
0.10862645567774633
-0.2647467965811451
-0.5021708585910277
-0.07311917964245807
-0.5085524963427559
-0.8236545711970144
-0.8979950775506397
-0.4425799394853804
-0.9849029090008159
-0.8145747408025443
-0.9542069967814462
-0.7006431665216418
-1.0544278645639424
-0.5048009887612694
-0.16285321070252154
0.09172229340984091
-1.2430207595821003
-0.3766440474704684
-0.5918497082488977
-0.16315460862862086
0.5254578745639582
0.08153597397817419
0.2473719839922532
0.3663740581381673
0.6593236848830166
0.8258560558961632
0.9022958109398743
0.2776772868311728
0.5334877614019833
-0.08785726467174032
-0.7283748425051201
-1.5858399721884242
-2.4878506661029482
-0.7178988020029272
-2.608211183474041
-0.39467695465964486
-2.7552556848220324
-1.6180189690573883
-0.7034868718050573
-0.6570221855534667
-0.21166027455030934
0.08080917868285999
0.32912381221914594
0.46999466665706413
0.5944058176892625
0.4965655523396312
0.5289596080550806
0.1888171717697142
0.38507155302169244
0.6486612873321922
0.5824261284209626
0.7615887045213348
0.3969233329652531
-2.259679038401386
-0.4614291526913189
0.15421286578213278
-2.387483808378873
-0.057605478376420265
0.16821142660127536
0.07519035167859782
-0.043191370055294755
-0.028896548894929493
-0.18292414709078458
0.0984973303100334
0.617604110109208
0.7437636785821801
0.289213469470826
0.4151027187442741
0.27545589878126575
0.5076097791495373
0.9548525558739013
0.44823881268317756
0.8528020602932092
0.6968608702431571
0.32827665024980857
0.33411243381464323
0.26284887385705663
0.1989214608810163
0.33353065269015125
0.457935963772119
0.6256702007613076
-0.7044769892180258
-0.4475235011037529
0.32738101670315073
-0.43645901945136023
-0.07598230591143548
0.7725010836861104
0.8438922547585794
-0.2849279959718027
0.2796649231994668
0.6373102282029715
0.17790240055962378
0.68123900351335
0.7837022029699028
0.4745253082005755
0.20099585327127298
0.8382635800291386
1.6880185558645067
0.4544432819706831
0.7280026768515702
0.8200814552927856
0.7624015920824201
0.9588723873145101
0.9028739965671608
1.1210821798899746
1.0474480114244014
0.4008604430516666
-0.28767240736523686
0.29988842116441305
0.7678452890227485
0.6739550919065289
0.7511096892971589
0.3172973954390949
0.8532370093969539
0.9747317666549484
0.639666315557245
0.8163126503061537
0.9494592257635822
0.3460329091011033
0.7226032742805318
0.7298075935026318
0.6709920798610125
-0.20342521645443332
0.2424295410854919
0.6254651005121384
0.6325871765984655
0.4447844916080006
0.03757679365119289
-0.6674679103184011
-0.23361832856254086
0.05042342188562313
0.44613929428965543
-0.30082649433397307
0.11002923892244024
-0.022141544654258386
-0.40394545252966413
-1.6564929053346686
-1.2979070154632462
-0.5688309581789379
-0.02393758420492416
0.298488911730378
-0.029384534652448245
-0.38796227180491094
-0.3173090311360579
-0.00597878875498592
-0.2142767277741265
-1.7348191876993024
-0.6702161131183104
0.04474474714918732
-0.015011199750832592
-1.38210661851751
-1.0193633332544902
-1.5106611552368217
-1.0805247197032362
-0.5497838643216412
-0.8891336059485981
-1.703656306813045
-2.132925962600721
-2.5371229503242243
-1.4687209077717547
-0.9605546332478567
-0.5297660111362453
-0.015821606986379168
-0.12728574190854836
-0.2951147547208361
-1.2300176822738884
-0.6482746952877547
0.08354910225882434
-0.8334246204311491
-0.6917467387764606
-0.34883207715579767
-0.04179609142808171
0.29759004954665014
0.21045514801205928
-0.9221042365718202
-0.2558510820897891
0.2294673237443324
0.561033184115058
0.724178863890495
0.5986186380819964
0.44577611553411306
0.5959463256816281
0.6303158695193539
0.2675319579566014
0.652268707298561
0.35582485158879873
0.37920929851426183
-1.1418659959454516
-1.9796824595100282
-1.4846878950064024
-1.661828776614884
-1.8338413594318301
-0.9121199010907335
-0.23790273601139464
-0.9125379234708036
-0.6975328667588622
-0.6854959679504216
-0.7136526190627609
-2.265353116350519
-1.5803805409102514
-0.7578142751654235
-0.1719020708360815
-0.3675589041755248
-1.922516440765655
-1.4710994962461323
-1.2036552040050261
-2.226263895686601
-2.2667162933262053
-1.7176279392422193
-2.561938286547049
-2.5471432267841814
-1.5983709345108283
-0.07465634833099827
0.07987854980098835
-0.08483137677519674
-0.2343189985527348
0.194384610238294
-0.565537947354831
-0.19211445804377833
0.3275422300625266
0.35964285609402724
0.3695117221289643
0.6183285175389174
0.298081020800704
0.6597014467383834
0.6165052797989373
0.42595159624853507
0.5792837874754766
-0.07354420972255722
-2.1778925053273506
-1.0942199904951635
-0.5283762225875079
-0.20687563723753025
-0.03797257575175008
-1.1505114111022245
-0.7587690057860866
0.01667030924842607
-0.2815152406440033
0.3114289153867175
0.6824396667903381
-0.48273537822186713
0.7465295173869995
0.6318245911661433
0.8137604706730031
1.103937500232737
0.9284217987224926
1.0072516101723508
0.9037017472044686
0.9269839620573981
0.501665064068233
-0.3606258082049908
-1.7007023144874833
-0.7895589712969602
0.22854150407366447
0.7320335380175643
-2.140864673082961
-0.5857781384184597
-0.32709602835852186
0.2588498600851405
0.34156512185694926
0.5748287407414637
-2.2501586388469024
-2.2724891594711436
-0.6729644674433349
-1.813197865655509
-1.5248738081264608
-2.0280369618596095
-3.1794267892159174
-1.002500423867283
-0.5013732134743799
-1.1849666275001733
-0.07565518009128051
0.32522074165941417
0.3347483501669469
-0.1585070172836618
0.5628938505214686
0.2469736824357424
-1.5547131719113796
-0.33562773124110684
0.04460167818258619
-0.2580815860741382
-0.6538211986861775
-2.1572628105298337
-2.71794612832142
-1.7523777691767632
-0.9008754651204992
-0.9162523691296042
-0.26346477918170064
-0.2887619564456395
-2.162402411432412
-1.5392282379799187
-0.43822343024258087
-0.052653956437972695
0.2761006396790275
0.37797391815842113
-0.19447138438995445
-0.8198783857539044
-0.5401576202172325
0.10026195406955074
0.5175112271687412
0.27004998858488843
0.6872458584224659
-0.245790556821509
0.13962772043349053
0.010417445048846605
0.46114200809043576
0.13341550116312878
-0.5820044139748094
-1.6104875906765639
-2.3645280281504255
-2.809533970338256
-2.591493707715787
-1.4198802043285794
-0.8974082565449377
-1.6448808250266977
-2.185693506844724
-1.3311182385122786
-1.997843160904267
-2.2688194621107174
-2.102910084025067
-2.5251289265795567
-1.7165538777614482
-0.18866444360365425
-1.0078340092232967
-0.4235654432915821
-0.20454051362637551
-0.9173038754404292
0.5122310192087153
-0.12816889133148174
0.5654684241353889
0.8780161591368283
0.6837155372905556
0.23856349792977843
-0.2699881287293914
-1.0150529362561949
-0.6762468462734197
-0.052415952085243266
0.2857101235998736
0.2075622665505066
-0.4244991933055057
-1.2292055716722363
-2.088251954763326
-0.8986223449730871
-0.9642158307450132
-1.250311877935239
-0.8580188692053348
-1.6279570464572624
-2.1760870501777783
-2.634576236016363
-1.2747707438792888
-0.8289870311571935
-0.7848884113800709
-1.847705486707098
-1.2287652232994815
-2.1149314692087215
-2.0381934514751534
-2.0456623007484316
-1.4074815125663893
-1.3573262167192908
-1.8268406075897856
-1.6296789339383289
-2.0643656216173656
-1.0987839418953775
-0.11841530107189116
0.240371409378208
0.1681171431404569
0.30222623191586007
0.4107730728457201
0.32622018467576847
0.24221742192293746
0.3283497645611184
-0.801342071940109
-2.938017723978498
-1.5428013809750127
-0.4903411617238033
-1.1263470411284728
-0.623456060356593
-0.28715632645131606
-0.49116713941547285
-1.039973802221639
-1.5270467107712211
-1.0909291443542164
-2.126394321518712
-2.8928773975392823
-2.6277264558855773
-1.9098650068594691
-0.8278603212472352
-0.6237267074084314
-0.2490638602431968
-0.12206985508734391
0.10845689718055183
0.17945307431770585
-0.7878617114569904
-0.033832326776823504
-0.30491820552787197
0.28034067476691865
0.18021584338039598
0.4081196892359261
0.02075776863192744
0.30285551150397383
0.6757725765271646
0.07013038997156112
0.2265118033417797
0.506405067944281
0.4799876783638637
-0.5563593173620085
-0.1390577279712565
0.20217292985356083
0.2599607645762862
0.42548189678361653
0.3482561478103136
0.14038266298273586
-0.38057384046719667
-0.23234736266917433
-0.38884370143165803
-0.3367387509427025
-0.129950203693484
0.2490011871423634
0.4735682665412633
-0.3178812903886512
-0.7648298011129094
-1.8531489580971883
0.06333689978025246
-0.37017476406263106
0.2115772218613785
0.22087167276504477
0.10831105457714375
-0.5724239373367475
-1.005320511623065
-0.923979859099431
-0.11755759246298489
-0.35100987854708743
-0.05727252627714314
0.22845682454845445
0.3420094383483886
0.53538887966034
0.539202366759274
0.4856844434433363
0.23340746714898505
0.07262271807119404
0.001903721290604486
0.4275460320171923
0.07665799778902566
0.06910147521100819
0.09913566368679542
-0.023150522029146924
0.22282624938071202
0.4481680132770124
0.1823147446252242
0.15458230982575882
0.04969668200444129
0.39420937169826625
-0.18435339870602604
0.032812919031556025
0.30087247358325814
0.06962313302433432
-1.0939656980206338
-0.32155659482729815
-0.28322529226397825
-0.15838339028595466
-0.1198979390312302
-0.11661689548873762
-0.04700556197066127
0.026874375987978684
0.0771199556359471
-0.5114680510714459
-0.4072567337130615
-0.11041931428731575
-1.4128221597327533
-0.07930936828310822
0.5534553146768671
0.31222786070541614
-0.14442695844070752
-0.258782885298196
-1.0113020156403065
-0.4061595156046171
-0.1792953218884527
0.18720690521951422
-0.08240189502794766
0.12721428014268285
-0.3567780981431987
-2.4082038147577363
-1.5378303614840663
-0.505520690088499
0.19943575981108638
0.11943641331760066
0.40330489475766934
0.14487324071345226
-0.2947080838011615
-0.28229786460072165
-0.05699406095672193
0.16535945339163438
0.20517538405104097
-0.7454536014246659
-1.082591108015005
-0.2624376745021593
-0.2584385480580892
0.04419511848237456
-0.16501826034378994
-0.3545284329831004
-0.15830698993592635
0.020070682741501672
-2.2178634194769464
-2.166618233621176
-1.6472038243484664
-0.2091881353225065
-0.1829889771212793
-0.3427059576580757
0.19133956313793726
0.33688782971756215
0.5522106607264669
0.37415240476231243
-0.05113346873254849
-0.37693098932544455
-0.05211834407701686
-1.0064371806248205
-2.4184014767398985
-1.26881248988507
-1.2227412596117226
-0.8831600777035781
-1.8594240785876799
-2.407145868629256
-1.9298445792307093
-2.3092821211469623
-2.182675497496573
-1.2486774953890258
-0.31920786770017145
0.17978096850546993
0.33534686772783445
0.46888148011958775
0.218237192528038
0.08392061170142143
-0.5864665227215271
-0.7127558831038308
-0.11001039807484222
-0.04664957757550045
-0.22676561182916838
-1.8952771177312324
-0.8918124198908409
-0.30239424866245657
0.043837185196915304
0.37158699512529964
0.39022579833483007
0.299692029027602
0.5291901461659577
0.7563681451292198
0.7721202438721692
0.7518596892599695
0.3958119451186395
0.6404138820006912
0.6858254300383495
0.796584552982501
0.010239082077072473
0.42813787448092
0.40108295661469556
0.5399671871746416
0.3635239682184593
0.35687789677790377
0.37440289608716204
0.5150387840597663
0.46722093012725674
0.0762600642470486
0.668076500020324
0.04221873263642949
0.26636903470656786
0.2060157983115538
0.024806103743686466
0.40461503385677156
0.5164958487984447
0.48866766016647606
0.20598517442091507
-0.4528094207778874
0.06919130181361129
-0.7079225976888079
-2.3699962759764475
-2.499168324198415
-1.172050573233083
-1.7763066486393406
-2.5232656640377398
-2.8199699693056814
-1.052659735948067
-0.3236914223405595
-0.32523179318505246
0.20157190822744467
0.25268366431007194
0.3370961283965197
0.2819668586765012
-0.7199173916943296
-0.7070021724345955
-0.20312871603608038
-0.11140265117797991
-0.148836295359169
0.023077056730581826
-0.3332926162704371
0.1804710525320839
0.24896609228031089
-0.612644645694517
-1.983999005299886
-0.977794906492793
0.33913109005499015
0.16412902605582255
0.1958134604617279
0.5021824889255584
0.578739761045974
0.21462018766838548
-1.4695064652160135
-0.5965385562366831
-0.10706571120899064
-1.3640511419884553
-0.5258596498791418
0.06130709971901017
-0.3551994174566393
0.14658175362713188
0.11198043579050557
-0.02200572153840061
0.16531067341393932
0.3504394029264097
0.226312136926747
-0.058320759855654825
0.5120660163649283
-0.04189690515169013
0.054056180220764714
-0.08737061524842539
0.07196690961750145
0.09508871107809169
-1.9626636154244803
-3.0197426910057406
-2.479647170293341
-1.1748065002993313
-1.4385468443751581
-0.3273261923561251
-0.44794197101650657
0.0257656100143953
0.04476597380468857
0.13462198030526104
-0.29568955166002986
-0.1349038283657557
-0.13324024753107744
-0.024731035653628608
-1.002235516458321
-0.4514775710602381
-0.38172114211160973
-1.4508034032453294
-2.1091656978430042
-0.9538611143030674
-0.32408077006772773
-0.7226879580793419
-0.5726257358213749
-2.179754229048108
-2.4462232917583586
-1.4848272242897158
-0.41069775899892075
-0.65051191875157
-0.28226093885686054
-0.26843923100137257
0.09244763098620659
-0.24123219738067106
-0.05113356577151517
0.054134201553839086
0.3596692169437734
-1.4614367087427191
-0.3792686218742659
0.08927645309670344
0.16213190530312038
0.09865889449820155
-0.2515670009276847
-0.21784630255070397
-0.22381835446577603
-0.8064852601638043
-0.1808645139692288
-0.13783634056794786
-0.5520258154198224
-0.7251959789741692
-0.36469364341126065
-0.3293560952934504
0.07423189401001627
0.707571733431699
0.7237142346441543
0.6809647742970873
0.621773240680563
0.6900946698325438
0.23506955987327877
-0.058318414068499365
-0.14982876130113368
0.0839962152244281
-0.8489036264756107
-0.019887770494796567
0.053634469299497445
0.18053341895557448
0.4981142021409049
0.48694159387712693
-1.4987644704674898
-1.7791144259579392
-0.1684076125234901
-1.4151038909467053
-1.46653264102254
-0.6369344200335308
-0.8425841572681855
-0.5702154142872294
-0.21962781808766615
-0.049570271512097724
-0.03473516996704927
-0.3117934082257826
-0.8266069384479972
-0.38956453063606933
-2.0225384080923603
-2.5788488004332595
-1.6691245887889417
-0.5046579317891843
0.14409119969216377
0.04594195983934106
0.1848022063643715
0.2246888425304003
0.3753735875581552
0.33035296407855824
-0.3980010379832147
-1.2997760395956488
-0.406388070203947
0.2670855120715912
0.19778680469496268
0.01119200964483191
-0.986911088692213
-0.1065441562903895
-0.23728460645911917
0.16564296358586772
0.30238309915153333
0.015443127753498636
0.4023661485759893
0.22112181177499046
0.20554552455793418
-0.464629898334833
-0.287340538736691
0.18855122380143335
-0.14665774679841903
0.14268169353464394
0.34244076957975056
0.4944854466739546
0.2545091621856039
0.5167781954126427
0.6742248130550517
0.8734853916974341
0.6696965362671211
0.9002837231797898
1.160419741902038
-0.3480972372012899
0.7509576634386371
0.4760430964932266
0.6581250041873068
0.19201226866452942
0.19507753708110642
0.649611684501614
0.3637427192261488
-0.06678036042978447
-0.19783262640030458
-0.05769844088031654
-2.228566491256936
-1.5409109337738507
-0.116123252728958
-0.15134165553731518
0.32301428077356675
0.4632711270310139
0.4406763669459916
-1.1239602214012612
-2.1317648572506247
-0.5512823517606704
-1.56117948918553
-1.724281238437204
-0.4375728236594366
0.2420539491672706
0.4878106601854436
0.35287808967884104
0.2668914420602357
-0.5830147388449811
0.07610979891692853
0.23162710791518906
0.3608170896169377
0.1035669746977541
0.49634456591715104
0.6634932300202085
0.3343993579517798
0.005457879616522805
0.26257038370401603
-1.043295761484442
0.11526206656883237
0.22186165453457943
-0.3426572641347107
-0.5001115250920265
0.24189555668561058
0.43438060458666994
0.329809011218479
-0.4505105074935683
-1.1831461863266557
0.3824890425375497
0.7004550764745712
-0.36028104175077746
-0.34455279361473246
0.1596678204318161
0.7085098534174903
0.7940972249403031
0.6372717331677358
-0.4081580718069072
-0.12912010081527606
-0.2200648355539777
-0.10372766124339372
-1.4938362296168115
-0.26061436235803825
-0.09414690063014014
0.271604268529547
0.04709444008215176
-0.387610499491904
-1.034924046520901
-0.33867482744829186
0.43440289518549907
0.42614554356073636
0.6849791127472754
0.7508339346594272
1.0062990816344473
-0.28123970886299926
0.3494416044740646
-0.5511567019931967
0.33277626865637755
-0.342586904524646
0.573269500181448
0.4766781592120873
-0.452382783462833
0.2920848783309143
0.19793825339470728
0.10801808190874046
0.2669740729515255
-0.37309925671669847
0.8595054921846038
1.0627453444011883
0.21206910759228334
-0.4266385132210173
-0.7488516021808811
-0.7882503178969735
-0.6753792525778419
-0.8262445490893096
0.11127240152151271
-0.05886056935084315
0.22552178930810865
0.1983878831551184
0.14667466317694103
-0.43816262563267505
0.3863865311318601
0.18288618900236642
-0.1474951791270832
0.28727835443592925
-0.15493565974942525
0.5188410544555
-0.11969968050954749
0.6278056200524399
-0.21568486984500485
-0.4133809456475994
0.08970708551455868
-0.024328491210452333
-0.01807005802388442
-0.1737364600822436
-0.27873645356679494
-0.11535709429668238
0.3809187173596762
0.34065318213726464
0.6653962924658429
0.4783831197799664
0.3528234026902029
0.5978471473414253
0.25757575008511435
1.0535581701821053
0.390029205010085
0.5889212652598295
-0.7539901806894327
0.279578812487971
-0.7296873436758845
-0.3923017452258801
0.2243967255219839
0.28854282356096983
-0.05130280325193486
-0.5138146984983384
-1.6688310758197724
-0.5178861769186986
0.062361990832720135
-0.19170518234399764
0.04992171021899851
0.20132868277244434
-0.2658920221429452
-0.25043521602719987
-0.06257458750866933
0.03534366960692696
-0.4642500788022664
0.33934110913343984
0.24828129822599915
0.8833580003990954
0.8542187461526017
0.8221447189156219
0.8034147811660153
-0.30120525779297275
-0.2743290486918666
-0.2819055378601879
-0.18986551688534453
-0.2048299067089503
0.015222333374313814
0.5430999348512157
0.6665639290861756
0.8321278362584374
0.8995438648770788
1.0223909038603791
0.44100773993774145
0.7001407337704985
0.8557101594881197
0.6474559373178697
0.5176682811483974
0.7251461429911461
0.28157921234621985
0.3456547812197415
0.5853284368037621
-0.3675477658601744
-0.00539923945821591
0.1990065416583827
-0.704883746462959
-0.20639344061999726
-0.29905576904879677
-0.1879080027541928
-0.9861895218845478
-0.030372500185943146
0.33023418277760946
0.1465631303164894
0.5321407220615794
0.017674297381240482
-0.04825596401822304
0.24133108970367226
-0.3034512952340813
-1.4608606228827028
-1.9290515831947326
-1.2383595005670003
-0.8299462837133194
-0.4216952019259055
-0.4214610461870021
-0.2628124632614662
-0.29424340757170814
-0.4031777433839784
-0.32038955153665233
-0.21055648482509393
0.01993935417150027
0.2576295320327164
-0.20292657970969477
-0.2158495674850608
-0.11437975522916613
-0.25912086369977516
-0.16792482588594745
-0.5667116270921314
0.2865546263282723
0.2545343907692327
0.31175381989278944
0.5060616272389987
0.49711637355409505
0.2721183061034188
0.508897282989159
0.26543381786138215
0.7227642174029824
0.7377151738637514
0.22118156279359033
0.4224459724274402
0.32272202611043815
0.4639803062446938
-0.44941754937798867
-0.4386095093560019
0.03750289552676064
-0.32359872846037285
-0.02961085359656357
0.05677233123974898
-1.6808673943469592
-1.0802704644773347
-2.196162488378628
-2.1925238947137373
-2.1457267731100607
-2.630397117476413
-1.9658741610469208
-0.7959324914680757
0.06291976011235319
0.029939260917495894
0.3693643340966972
0.24040404425097484
0.24529116425022157
0.4278502214284318
0.6033692853703321
0.432790551751918
0.10275671535553728
0.21951977634491632
0.09208613663444189
0.2749762173146224
-0.4058104957938635
-0.04709703642599936
0.23906734666099694
0.18582423882875543
0.18689915626535897
-0.518072097746922
-0.0402740141452652
0.020139276226083958
0.40352555931031875
0.35702740115450793
0.5520393404485516
0.5196981682511932
0.3905746341642943
0.2598926571921713
0.5242600645724425
0.6287060104128247
0.01616748496808519
0.03854895956692751
0.2811310007694992
-0.7053062578513625
0.03148017951488253
-0.20483241586139678
-0.0102820402185704
-0.8695814683916512
-0.3839917708555735
-0.2915684141097067
-0.806029507631303
-0.35819325237879773
-1.3552714756737632
-2.2824061811367016
-1.5607705928640299
-1.8221342196971557
-1.5237700959222882
-1.1807867792601034
-2.5040760499927863
-2.5276256380027182
-2.654676617844257
-2.788534408318346
-2.056156008605662
-0.8456658233742262
-0.2589672079734703
-1.3668152995487088
-0.35619540258431226
-1.877938498974923
-2.106983602181558
-0.813905896079947
-2.6544965698197656
-1.6998211092205666
-1.1212980333501632
-0.5142398361790389
-0.8102241540969051
-1.0126906784195155
-1.0130799676301927
-1.624052335526661
-1.4902039521706738
-0.9784499995910276
-0.5908367324233678
-0.8436008830579094
-0.1857857405645425
0.07956961031767486
-0.15025040351600372
-0.27897745697782583
0.6347431610344415
0.750523891614754
1.0117337166177687
0.27669016202160673
0.26516591129754047
0.18388870670140148
0.06479269394311334
0.27795991240170875
0.016315303678288897
-1.7139399349441506
-1.9858306340440928
-0.93715328274138
-0.2665440436553185
-0.4185268706181898
-0.16381353284585434
0.4910799797326246
0.4107994892759368
0.61704676330676
0.8653015536296047
0.3599885731127078
-0.6696365317431382
-1.233631102553579
0.0295883845616389
0.261421103331999
-0.8533815387390264
-0.4360864285027191
-0.9984029410206219
-1.9052551304049752
-2.122896678087351
-1.2270591505124353
-1.0325852689634203
-1.1458777161527314
-0.637783273037114
-0.4536309555105649
-0.11285379706245471
0.20905057249490794
-0.3861988991619949
-0.3650232773114973
-1.1108212913823015
-0.5230087115716865
-0.8414575842586608
0.07300881658892351
0.06250400348441304
-0.6292162756955516
0.4385362415859356
-1.0946099826953377
0.023050765179843256
0.6602384457678339
-0.8642223875447141
-0.6641857102288334
-0.43162047701469214
-0.0009955565886751955
-0.6004810295895494
-1.7296539853066255
-0.8229863877787479
-0.3814609200575444
-0.4433914542746395
-0.6250131477205014
-0.04499271727014653
-1.262027528401242
-1.9318774909523093
-2.7082005008582968
-0.5707317275146327
-0.09700023641012556
0.4449895722201637
0.7798101833981346
0.1797522064922871
-1.0301255487515149
-2.1306403949021804
-2.335249643286754
-2.9531724423562027
-1.2761324339902012
-1.340199043895608
-1.072897111384941
-1.3686148214720841
-0.8762305571087053
-1.9258327050780146
-1.0999341390385071
-1.8318338973610904
-1.4529466720466118
-0.15174503666157052
0.2462694872788475
-0.06225978738802531
-0.26187833772530705
0.033341961475231795
-1.0932966131878437
-0.17485969319748307
-0.1874030724765848
-0.8546018120373374
-1.1720724421007163
-1.3638349893179338
-2.3778814301648805
-2.2503850311750373
-2.1259439671233222
-2.237048130218688
-1.600648567307834
-0.8087659059132432
-0.6905513987794768
-0.4353343155500269
-0.859954247963072
-0.3635764059542986
0.09589137987630135
0.08914640688963169
-0.8756731024528901
-1.5450002755857886
-1.9044676632331474
-2.1891925267789203
-1.3454052707317246
-1.6904844301319106
-2.2437880250017876
-1.790990796539739
-2.2023335664326122
-2.4019477157896825
-2.295330152786434
-1.9969546919424692
-1.7030971512361832
-1.985822764663056
-2.4224264765785875
-2.1156334306580944
-1.4322033369453493
-1.2306160134778905
-0.5275129157293862
-0.9859791579225704
-1.7334896610539683
-0.044437455677602135
0.016882676426972294
0.23399172574067653
0.20825557456805652
0.06354006872697633
0.34612797111350346
0.7878980086500723
0.05322430077761675
0.5775984428931779
0.8904717082845081
1.016340947652754
1.301276260276878
1.4176188621407169
1.2375645143046174
0.9789699991457846
1.1766927391507251
-0.17895199330297237
0.21714212567278826
-0.3452677311532732
0.4975247574597181
0.10730424875423726
0.4211963731222639
0.5865950506340936
0.9186776569541415
0.7841861221340146
0.46995644295656064
0.3835251756721121
-0.8632268694247791
-0.2602644818930709
0.7203785428098225
0.1465277437101658
0.5517878016546113
0.13419957646089967
0.57569655328594
0.8129380453126039
0.9542756223979825
0.646750474304908
0.877146265964441
0.8736183538330241
0.9777809719426359
0.7476686537670584
0.9727580627715924
0.9359145099935672
0.7381222952202925
-0.4238231058368893
-1.3863660887295597
-1.6800007723498416
-0.5436598723669325
-0.8328719046468019
-0.2373751926354417
0.42764186592396325
0.5262301909007048
0.5662498011935843
1.047321768550636
0.4714538637575011
0.8895814921977775
0.8237951262747581
0.8012879987684325
1.052425359551702
0.9650808320410874
0.9039370594772099
0.9682570208178598
1.0688298843369257
1.0404661979789296
0.6559029911634229
0.924549051375691
-0.5415010513230308
0.4603805155194641
0.7004011743361949
0.853084152431703
0.6226587862887658
0.6883053213857107
0.606527778630009
0.5038185539635428
0.5097434920267981
0.7277182138637127
0.41093341239453124
1.0972458964355571
0.9960670824998612
-0.17500858984188483
0.5978031893936334
-0.9637968288533956
-0.13785958999277884
0.475000156630353
0.7753314356226708
0.7115503818624012
1.1069623368317503
0.8985820353389308
0.1699506035798195
0.7726985616484164
1.2075797919148958
1.1737641408618602
0.9379863761515588
0.024424548631810275
-0.7065744191934138
-1.9041624359817488
-2.169012531396661
-0.4254421935679749
0.36073959725438765
0.6486275224178482
-1.0833090101958671
-2.2632118011432607
-1.9396232458176723
-0.719028579547449
-0.5752055679650392
-0.6211053457774434
-0.3063937838895532
-0.8208877809523598
-0.10963283967776596
0.3722290597364321
0.2743266934605955
0.436188254138943
0.42836043478746144
-0.038705247194730875
0.5447390278731823
0.2660926697174072
0.5180412027666429
0.6640605407864809
0.9172844706689424
1.0525821423359205
1.2584123306403596
1.2603949725030237
1.0080267853331102
0.01498602080646488
0.3191648278132196
0.42985594795989135
-1.1677734532844362
-1.7814279506714077
-2.8602487044083715
-3.041053875918086
-1.406042123113535
-0.031929245432187434
0.4591036184872635
0.6490459774202355
0.5443105464558079
0.8299614078782684
0.6078875192126073
0.6675377967555581
0.6000139291024037
0.7377787410948571
0.758468451133893
0.05170269548345063
-0.3029061993022853
-1.240838239798564
-1.8373789690830422
-1.911742800251352
-1.9549137526472948
-1.0543133319567994
-0.967933513437908
-0.7264193966799029
-2.048084923082018
-1.1062252810580777
-0.07243788628310383
0.4093696098158905
0.9716891534111536
0.6311745324638756
0.5627291273497947
0.021714814244512704
-0.003610413740288317
0.09417031174363708
-0.04100698566073073
0.4680482194112655
0.5664213744034281
0.5572496274510639
0.019808441078167673
-0.1362122977985996
0.7214984356862055
0.7810635959784956
1.0851323276722862
1.2069643815461921
1.2062869371643865
1.0614323066119835
1.195762553840454
1.2607317418995925
1.4457049464767584
1.3993373464824987
1.2877892171484393
1.468407750556205
1.5407726737347975
1.3996397973806887
1.2749887757762308
1.5609060646204642
1.7373385461565838
1.6933453296730387
1.6312888695489707
1.725537458668345
1.9203767475926081
1.6076080620545459
1.8854704524432933
1.5890484350022633
1.6609176994126382
1.5332715385263131
1.4715301435024504
1.5516419152299123
1.5812610450174234
1.7211751364719035
1.649308636084815
1.6976500647336532
1.4387676908108238
0.6402122370921812
-0.5372377151650432
-1.8666081308010514
-2.3433360517880373
-1.990136888676299
-2.6342104772465325
-0.037495063876989206
0.5611756893998684
0.5343526688504898
0.6555217414087892
0.626041820694131
0.6585265920811656
0.7300863175153389
0.6866548190362989
0.23789253730754176
0.25710610733096206
0.05726664971431074
-0.035030910575644676
0.5098968439123139
-0.4078203329843369
-0.8672743444654881
-0.18258060645327912
0.8071632432859135
0.8117166246084924
0.6622368521613207
0.8528069496127689
0.8966363970465352
1.0887798937466429
1.1645566331288404
1.557666837166691
1.3544008117741588
0.5080663274559344
0.9388969684183078
1.5199406338473644
1.308300820258996
1.0313528819518873
1.0007279119158237
0.9862892338079232
1.2201852576331873
1.1259904580371223
1.098877712075349
1.548678530384024
1.4666465122730503
1.5186816205045117
1.4812404118784464
1.4482920085816242
0.27694579251364726
0.7721547053371327
1.0200468519665293
-1.7118937886324677
-1.3234279003776173
-1.1990856570839736
-0.03159876001843617
-1.1949471467519044
0.34897318646271264
0.4531608267264921
0.5359574131429042
1.186318214961798
1.260996239537108
1.6551351534025232
1.6135489158619793
1.6332775685471308
0.9925017487556895
1.0685728799386744
0.8591499297091808
-1.143509468197801
-1.6740757686856742
-2.292186463992484
-1.8864900340458213
0.3769585389599314
-2.1910987289170047
-1.9716848727915948
-0.8387551474723266
-0.5575860774720784
-1.7222636689927582
-2.659419088990193
-1.875875836096263
-0.8718842631407296
-0.4861907865244952
0.0022151201231156437
-0.026625567844576287
-0.2928288050877974
-0.682127218079403
-0.8085556676242489
-0.19032975434258487
0.3534856249720166
0.6488395683432526
0.8137088321514194
1.0058896012242573
0.9166166219187505
0.8468204407218946
0.891722057574453
0.3228870593360792
0.6562825687624781
-0.4437981009181813
0.24479928641263332
0.5082778624406162
0.06947568409099435
0.6925865562760931
0.7896292574882524
1.140798569707041
0.4745012760317388
1.037412918152184
0.9428348364484934
0.762033452813503
0.3839420809855917
0.43848995293079834
0.32838324215308945
0.3912385749607605
0.27361480978287434
-0.9726957583851727
-0.8494117829696071
-2.280541494750798
-2.2442084285672292
-1.1677544087875271
-0.933638162275825
-0.946368658977748
-2.341081831733989
-0.7628372819176543
-1.2858783972543006
-2.2424607746221
-0.4301747615591103
-0.2878630202346934
-0.47811891218294356
-0.4134500753270248
-0.9426656177892776
-1.142241135272816
-0.0170240919530615
-1.244782741691895
-1.6308854679569436
-1.9890380105063266
-1.503098665614072
-1.7273550378242644
-0.24502634762497413
-2.580234053482839
-0.8475000523487489
-1.982377014810541
-1.4573210230151474
0.27729997520830274
1.222009576587491
1.2770772270760262
1.3255072842390498
0.8868861043302769
0.8774200145779607
-0.4449111887709764
-1.0841950448233304
-0.5062900735243615
0.5576755747225535
0.9346151864907551
0.9183775329719684
-1.5170995174203545
-0.0869607306497083
0.21408258235728497
0.5717236893635435
1.0322321621152786
1.1234757438565057
1.2822024652128128
1.2345872486817004
1.2484624107906404
1.2291399441892705
0.9473002072737855
1.027838354682034
1.0446849275687387
0.34180966238644067
-0.6268059237026332
-0.29599857254644385
0.4127534783499938
0.7504440646219577
0.0964953541236179
-0.7012860810995426
-2.8066318341535337
-0.8003143579686225
-0.027054906078841454
-0.8912884443163387
0.6175596153328878
0.70623697094591
0.41661714526864524
-0.17867100056765306
0.03024529412735338
-0.06998286211005571
-0.8556267186604847
0.09431992273035845
0.32940497818415065
0.49582949592239406
0.4494789217914923
0.4386278700166164
0.7045704321583133
0.9183051757619066
0.2647339609718411
-1.324929841987078
-0.2877839197392272
-1.5899182556301141
-2.3241958755242136
-2.8674125648564788
-1.1030730617109399
-2.6809394415085928
-0.6080673728552644
0.48627269547182356
0.9267339782540868
0.843272250898465
0.9175479701894218
0.9778105862885693
0.02624911569496133
0.4718834973385673
0.745408199900914
0.169719821039306
-1.3664228971915815
-0.5299108530116424
0.21119197630056752
-0.007696911312284091
-2.6312079092304437
-0.5293227326246067
-1.684664022862269
-0.35261457454606077
0.41712475829850504
1.2638752992610711
1.0170852950853722
0.8802119297203985
-1.4964327864961358
-0.5689178040578511
0.5751111898715493
-0.1315925956370393
-1.8983930870516994
-0.404276233786785
-0.8045141987126645
-1.2302623945281024
0.4679605583039328
0.33008087123694274
-1.8263583300312152
-1.4378200073631302
-2.4711833869718447
-2.0485304570400356
-0.48221309390670275
-0.6641558538884501
-0.4510722399474282
-0.6010145916678507
-0.6739733974798164
-0.5282694695721174
-0.36852347600841745
-0.15762416873193386
-0.5447823897420795
0.17598546819805036
0.24560402098180784
0.3978071321394391
0.5585450519671913
0.37254332286904907
-0.2973433864810528
0.08504648865521128
-0.6434375609518447
-1.388745556893263
-0.27902938142375366
-0.5399047356827696
-0.5426807230513983
-0.0035052911318470136
-0.7509190969352304
-0.42406387142382707
0.17753871608342853
0.719488568598461
1.049644414572399
1.1768777305323097
0.7411451766488532
0.9611761677312648
0.028357317834628325
-0.09161560453044124
-0.05434552426677094
-0.4237448205288708
-0.07443066704205827
0.14475372743253284
0.39552945368588077
-0.0407126561573756
-0.5332129881223306
-0.3099797343841189
-1.3418373645950685
-2.899605903414062
-2.5632471281598694
-2.71395334137665
-2.657307325864674
