0.41556251748737594
0.2641194865937022
0.01875005751881587
0.12411197217301427
0.3638987317255309
0.36038034112637
0.010098537744693834
0.2867620614937083
0.13544418272688621
0.2981685579113223
-0.4199131962623317
-0.599359524401953
-0.23945811259271746
-0.12750080559865085
-0.06659144178056671
0.1735243024315038
0.3309648247161954
0.3448089840611815
0.39396600509834395
0.6312587761722658
0.604186162047416
0.7100669767342686
0.7207999628507641
0.7062336054462637
0.8398951142024818
0.7078204724735772
0.7655497706825242
0.4699830761626322
0.34502072529532585
0.23498452397131184
0.13658469152313876
0.5036925397904671
0.42743964777002796
0.4730664448187507
0.6004056579908994
0.3792629277167719
0.49875563459751526
0.38521702103315286
0.42713891408028604
0.5674214654846889
0.5782923969770671
0.9042520554336959
0.6948528671287856
0.34000662453279296
0.3145844866926145
0.18396621439375624
0.2745167219487451
0.6005017750682746
0.5224421086993538
0.5029607176269493
0.2361357638352419
0.21954835373550383
-0.10463337398964102
0.41466824444054534
0.15969521853484894
0.34775887560985186
0.2644999939694647
0.061789724249112304
0.6276391399969932
0.6244907847398214
0.622308655940086
0.08366795117854749
0.00490736578031364
-0.027170101428218612
0.21579066015312623
-0.14644636823082882
-0.07311983476051953
-0.16772179700801082
-0.44736746674984734
-0.2889228974900107
0.02015486804193432
-0.18584571303373204
0.1419664925508706
0.028217314391014162
0.49110323414640644
-0.13310752071738832
0.20228738390266834
0.5034132827807836
0.6885255750536297
0.6063450668555987
0.5827482872355654
0.8278437435797436
0.6236521741263157
0.4109187100191502
0.8074742918577286
0.9956914534422631
1.1877751476966472
0.9682912969454515
1.0002578526632242
1.0251425890056995
1.1540390973868435
0.9851769197353305
0.7368304861695971
0.7550547507727137
0.2848722190881615
0.2783570762695193
0.41876142287626383
0.6646906983511166
0.7479115080697786
0.6461022353346092
0.6598998458599971
0.5981426034252668
0.7223938082880863
0.7197914296968208
0.7552542587925929
1.092633373832043
1.2935474118598462
1.3301981978424662
1.2871765850555246
0.9320460622333196
0.8473956528097778
0.7157373017577321
1.0922466278376957
-0.15128906647988757
-0.49573997218376237
-0.49212392252841103
-0.4369079307885183
-0.2873889212872234
-0.1351403133335684
0.12175960232933532
0.08270333671240651
0.20059321473467567
-0.28041968724529676
0.16171663201914926
0.14227344408593745
0.19904560509548783
0.4416241844037416
0.6804295346286666
0.7164178862022198
0.38790397830795553
0.8997170312368495
1.1831784191911727
1.1684764888750288
1.1361919960162177
1.1388701614396033
1.2459174926183532
0.8232681878800757
0.758194236374961
1.2665861626535377
0.5688624591575153
0.862758679986413
-0.8967740450984204
-1.105490131141293
0.23465065068170987
0.5103422587311817
-0.9898509418996939
0.5949094494696993
0.24299447915293693
0.5642398612860792
-2.3798250279635678
-2.529504496584959
-1.5212970054659964
-0.8668587533007448
-2.0988606801835523
-1.76804809744578
-2.3564412157624304
-2.052636920882455
-1.8269087528772519
-1.898333745059018
-2.2768219748121936
-2.752478051739325
-1.6782198217729047
-0.5534964934334866
0.018094170269098143
-0.05812157142089137
0.37201238851244917
0.629425769715771
0.546480152736129
0.68748382205298
0.7494516145974726
0.9653931640582972
0.8685385237248806
0.38863603654521434
0.9005106073509095
1.0917013370034543
0.9395925629637362
0.9892380723080678
1.2726355420187518
0.49227584343279623
1.0000792360708783
0.6238167387962263
0.9799124657348096
1.066633524166469
-0.1252718290505927
0.6387143074770655
0.6471487237352049
0.8053253074624175
0.05473472755941849
0.5100161527383743
0.34138038053005276
0.464859962415215
0.9040013693017639
0.7721022099737584
0.3950053502508115
0.3830456475712355
0.09752884954165822
0.0348525131382983
0.25107815122939964
-0.5290325736846395
-0.07089357650524196
-0.2074623365033364
0.14225126042707018
0.14823065164917473
-0.5131283740042077
-0.5079710798860293
-0.18786690359045835
-0.42014004486937556
-0.20225975741999608
-0.578185049947644
-0.8169457773573497
-2.348759439473374
-1.2426430352560378
-0.3890462792630891
0.05935004288126014
-0.1504673336964369
0.17974712485452596
0.34986648637689943
0.42968544283640625
0.5358093431137244
0.37096261435158423
0.6287349165412554
0.9128368153788323
-0.2777241982316145
-2.3306204592350452
-0.5355515515538124
0.39358218581419696
0.21102065456666982
0.7231489841423443
0.411473243453798
0.05085844730737403
-0.0010807627970855253
-1.0587564397771247
-2.2086602027644058
-1.4565708044598322
-0.857366058408476
-0.7642851662441564
-0.842500849965406
-0.03534995641791625
-0.03645523554086475
-0.028229093462399532
0.14136848816225706
0.31440879653888787
-0.8817494717316338
-2.3715114787832583
-1.794737918215954
-1.3493863929612548
-1.2183148273122841
-0.6370441950305932
-0.7773565285401429
-0.2158987889442146
0.2240877074873396
0.6689492957962825
0.0427511513691608
0.15471171347749468
-1.0530396104366349
-0.07954295817077842
0.19333207483204273
0.40363534501748055
-0.5325459279909662
0.09583805938689341
0.059726114747556375
0.1783522777053081
0.7366400516250656
0.040163917258579165
-0.24665520613570147
1.0491034132096142
1.0773543291830747
0.45864144698983766
0.2583438399959492
-0.3618033543798533
0.3793939642922041
-0.4250444515948091
-0.24897175421694492
-0.3171270567430832
-0.31039958363430703
-0.7006155570934389
-0.14386700125921018
-0.7180200985544601
-1.005109010408149
-1.1519542139181833
-0.6048019116231095
-1.1737718351024158
-1.1280819336761951
-1.2523991535224976
-0.8539609336956777
-1.2014075464786311
-0.6944534922071082
-0.16193553604317454
-0.010038522145488012
-1.264465847807193
-0.5184961544988629
-0.6725936624018759
-0.0077119930060508355
0.5244175279033941
-0.047217899535842475
0.16849365769555308
0.17384929339589103
0.6318725852688224
0.6070636984692127
0.7642895777229464
0.36428403889369676
0.5517336076319378
-0.11804911172274146
-0.9125819592582297
-1.5818067109695442
-2.4776910166797212
-1.1233324750748301
-2.644055639986323
-0.3753890530423134
-2.504488150356021
-1.4174622119958962
-0.4880151418667422
-0.6171687514312767
-0.031033183267552698
0.188178292224112
0.11696797504237674
0.32608998857397226
0.38151902311918634
0.37925702308138115
0.1507578582182584
0.10758442923037549
0.2744774049195196
0.39967275378540595
0.602250096588212
0.9077784729865014
0.3760902907881403
-2.4224010189369034
-0.34504630535436154
-0.03835777632022099
-2.399756852627445
-0.34532101475637794
-0.2659638914701808
0.16459218978986326
0.24822274700688104
-0.202231887452068
-0.20913502945329554
-0.020685667198008427
0.11990946369533693
0.2513493235538869
0.17414184816242656
0.17778968653109317
0.1122814153040534
0.5172305034449282
0.7001801347083402
0.325203787863069
0.6471579382410144
0.760595227754572
0.2914659215359044
0.4342419210785207
0.10356013821325918
0.2156339808565694
0.05888929778914257
0.22804634192894488
0.5125421345175036
-0.6867526382868433
-0.4998952412540461
-0.013610217101084319
-0.4750333661349952
-0.23026581940891436
0.6595102942538316
0.7950426091330773
-0.5552865898633806
-0.025705262187516918
0.3958240792817508
-0.02296251476110058
0.678717942032406
0.4630000543037953
0.23828304500796976
-0.0017247037615701678
0.6143753269789991
1.3600735422252803
0.12744407938858598
0.13567601031432328
0.7178888779102143
0.7325114844173206
0.8228505815043385
0.6883066885964901
0.9820959180705533
0.6625688489224296
0.044445776007913995
-0.33580216381976724
0.16693873064749293
0.37169801833188915
0.6421492324411205
0.6829015797120029
0.1623268531817448
0.5520202711965821
0.9925916055641997
0.5430367162162252
0.7806284145387355
0.6516540903681999
0.25160184319559065
0.48468946134897567
0.3170438628090198
0.6205087698178057
-0.3582860511292185
0.07415369940456816
0.4550525408479863
0.5636910864133061
0.4021267577660203
0.020590267901390735
-0.5813857558068829
-0.23306557893274024
0.21317490034457856
0.5108882487846697
-0.20582348591306973
-0.020750554522896928
-0.1600578431645671
-0.27972746389161435
-2.103531379350533
-1.5008950088739537
-0.5874090613610221
-0.06631626314792734
0.11803044970836096
-0.16474986498480673
-0.6840436983090902
-0.5148824591871672
-0.17025410807793623
-0.17716874392813914
-1.8171758748497233
-0.3752344397974675
0.12655745176208633
-0.13187852845843873
-1.4586532239742176
-1.2333358855712575
-1.51299507669628
-1.0254799608713498
-0.711144482233489
-0.6272479064859181
-1.4116742126519473
-1.960192326376263
-2.2323085426770652
-1.5205839498439093
-0.7731964256738416
-0.5267023018653838
-0.2270804227711687
-0.3696285427310156
-0.3374281442145276
-1.0179318825716026
-0.5616422540579195
-0.07828791337395814
-0.7758564672307128
-0.6194441226055738
-0.17997561743630508
-0.08472522347220982
0.2888060962519329
0.11877202010203984
-0.7054056953664336
-0.10216460571205933
0.3088841875450927
0.6463271076379825
0.678243677133669
0.7231299637197884
0.5862749261068586
0.5924591733178669
0.746111437965873
0.13668937360986438
0.4862970009816331
0.35958985707709074
0.15781478099124882
-1.4447135093215535
-2.165349332740554
-1.306743980644686
-1.442809693928012
-1.8426370884547694
-0.8463805568387853
-0.2287570988235906
-0.9868541860159448
-0.48058409447543887
-0.5530139845103837
-0.6636701878309197
-2.062162960876428
-1.6085039526293412
-0.7126898889924638
-0.23628795237877778
-0.2246997437569264
-1.8395055554122277
-1.3791480189831866
-1.2986802810343827
-1.9826021550804653
-1.9619360795574425
-1.424444474373048
-2.22981390971267
-2.5898983636409727
-1.3264544180183866
0.11891649417063195
0.23534645318745237
-0.11263212654103669
-0.46223386795805926
0.09371397772217624
-0.44241660383423936
-0.0710272412664928
0.3399975458299336
0.3412464661893899
0.34789653726565467
0.5558267911318379
0.33179204907636917
0.47104833420021036
0.4240973435197562
0.32974214904348786
0.6065295014385961
0.12704632530698703
-1.8277845517644726
-0.8912216540753196
-0.5950553813194075
-0.12118754755733617
-0.07960551195673296
-1.0708695123796501
-0.7907870881845859
0.16419504197807314
-0.3952500400093155
0.3472339801588464
0.8307834117954677
-0.3694126729821393
0.5032671007925047
0.7191312965616713
0.925343329735125
1.2209643390332419
0.959722244812022
1.1135492437311443
0.7708500736722809
0.9201082088204264
0.27347763933867913
-0.5632373202470581
-1.9345277748302483
-1.0274657628225252
0.027619857368156617
0.38663693706185454
-2.0803533786497743
-0.8307652124547645
-0.502933757952262
-0.012726007350966373
0.3406956018340464
0.20419033279834473
-2.2403955092817456
-2.3083817775860545
-0.5948897826254911
-1.9864180018886928
-1.3945305707468623
-2.3791047154498113
-2.6951025398008563
-1.1330856388053014
-0.6794267443618883
-1.128789855135481
-0.3140819679930652
0.2732979468892587
0.1816676261032396
-0.1826934360941778
0.24704918269701837
0.21681336119199834
-1.5291254575701192
-0.44462009970320343
-0.13744964406882398
-0.41096476576320046
-0.5670835024483641
-2.14066713252072
-2.3021211345159083
-1.8375398202498165
-1.1968850944322285
-0.8791564225020978
-0.42516183420567843
-0.3613046643424252
-2.2009197079411074
-1.3863812298625384
-0.477762253876619
-0.15989500087788577
0.2041438435147536
0.2471596398098569
-0.13802873588290618
-0.9400317205945913
-0.6994330724311386
0.03215379865284228
0.46379738071112375
0.1831394591180162
0.11491018085765502
-0.5094751499980513
-0.1681279592249209
-0.06670602480885136
-0.07759261912642508
-0.3307731215926972
-0.33035035750657354
-1.6529386933372554
-2.051251321083897
-2.330809853803385
-2.459889027171227
-1.3578727977937795
-0.9392726602682346
-1.8361341327111587
-2.0626028687141194
-1.3771838357572717
-1.9635825117788148
-2.104191272603236
-1.933495245933646
-2.2738605961717777
-1.4915048468926695
-0.1803128076954255
-0.7487225917929075
-0.3700610770170385
-0.33656183691572067
-1.012763998963971
-0.0037415592231617666
-0.0733282017197692
0.3055988288123191
0.7418505393230127
0.7369011288637801
0.2076130250027017
-0.13381786932146417
-1.0031013278445842
-0.4127409826646049
0.1351329050178636
0.3136815736553233
0.12170212905639535
-0.4552690769232682
-1.0391860862620264
-2.119612672493195
-0.7914537022805489
-1.0343063266186276
-1.1264973157982292
-1.0144099742762323
-1.6568719802329839
-2.4102632930511425
-2.4521681180563144
-1.327149227835762
-0.6150069201382256
-0.7686791023944114
-1.9963123499929487
-1.1040415592215878
-2.063286491372392
-2.17303796978285
-2.1534426366096895
-1.1358072454049957
-1.1076468598869535
-1.384931068543322
-1.4120266119692986
-1.7726313017512456
-0.4291512560161649
0.30762904094568766
0.25044583386538355
0.18994028510212768
0.12907847773090425
0.28695171427718236
0.21001974319348604
0.1951453894234679
0.2745004536592491
-0.686073067287542
-2.7554122437170325
-1.4258908587090364
-0.2939551919376929
-1.028624582443237
-0.8113599324082467
-0.7571331958283656
-0.16532430873847326
-0.7339274398404725
-1.198135997675294
-1.217979672211648
-1.8996651037479642
-2.6711546167726214
-2.398661330841951
-1.903750380230048
-0.8522148130302803
-0.7296510040491132
0.08144891608136134
-0.22776321007004618
-0.06860595105429919
0.029628448842351093
-0.6068646890904048
-0.1535215969337598
-0.2776828034411756
0.27266620087343185
-0.06090836347037878
0.401281125003219
-0.18988259059961993
0.324375778169504
0.43353565982969544
-0.06838519635755105
0.20761312305710028
0.24859955597448455
0.3391546371100586
-0.6174246644652744
-0.09913728139514189
0.2094915568814312
0.2947470786770082
0.28257112804723733
0.484775021580949
0.17595729173305974
-0.2980522157490687
-0.4021529402946688
-0.23865284552283536
-0.2335067069358821
-0.18173391241455517
0.25132416489621756
0.26386667130913405
-0.4572124372480814
-0.7025759811723844
-1.785249691253958
-0.09996244592664481
-0.4152063687631464
0.13067303944558428
0.15840222982847024
0.0028414490294499935
-0.5218102262465313
-0.6691309408942987
-0.8685825563783901
-0.05371517888930246
-0.35371900814722784
-0.08140854119034648
0.11418193826201171
0.2929797792388458
0.33179485523300273
0.19579833581267633
0.23149362927069594
0.039084808381259994
0.2384781124946193
0.014310695296053727
0.37029250255306273
0.45351495122072466
0.4754249057916593
0.11575278142948638
-0.10139322088726889
0.1872107680856895
0.278933282402823
0.16679844300300714
0.13509903144875676
0.04741007467148393
0.3201260383217727
-0.14334668408379025
0.16956993725020753
0.28204623166131737
0.17089071116803548
-1.0602308827549018
-0.1588302695087542
-0.23314298156238392
-0.03921716555606769
0.02826449656312986
0.032834008279115603
0.03946994048737244
0.1282648720161359
-0.0625587018616895
-0.38000037718971297
-0.2636255393022977
-0.2083005923115926
-1.034078868784888
-0.12151409026345791
0.5199384494068312
0.3239655852906727
-0.45480945621974606
-0.40372268844897585
-0.9023896166903166
-0.5556105242613164
-0.10724221423238195
0.09046468238344363
-0.11641393597479267
0.12242553751115601
-0.4489067283331075
-2.468557276558294
-1.5940537079241541
-0.40928428499670977
0.07115901922903163
0.14449635666615357
0.337622975971229
0.11204993711353002
-0.14315149060898238
-0.13627261645995145
0.07919714594309842
0.15978461883816655
0.07005403569412873
-0.488295639071564
-1.034055702417161
-0.23772380412968108
-0.16762494922537027
0.19965584058361865
0.20469137375731664
-0.15556830884218156
-0.09391375719357634
-0.2715042161269326
-2.371687287871116
-2.115009864375645
-1.614950730858034
-0.18554897591459826
0.009064871737348055
-0.3638536446511735
0.2124364260217359
0.3604487079054405
0.35343785612257145
0.08220318280224928
-0.25955582462157906
-0.3731632815961072
-0.19114994588406506
-0.6672263315560948
-2.3108360726765427
-1.419295727367008
-1.3795476735798475
-0.8897205638748953
-1.6876401536830088
-2.260875543701596
-1.8048688493033462
-2.218701471941811
-2.1695661543999862
-1.2365559241648423
-0.15519752320268668
0.019543376584848993
0.08697750959485652
0.194525978283115
0.1641379442699366
0.12774344805524424
-0.6079915977052816
-0.535167317991647
-0.11859605417120245
-0.035249149500250404
-0.21367999898523343
-1.9459110024919395
-1.0937937265123803
-0.21040359978229942
0.121427741498308
0.4331785531509856
0.4891773314118914
0.20740018673935243
0.37129177384950135
0.6238169746546501
0.7326556424855486
0.6718640258811474
0.2702428868816646
0.5402364038332498
0.6368430890182856
0.7782107263152512
0.014241327023162907
0.22384336222881937
0.31871867039512636
0.4431771025644724
0.25943507844843405
0.25546137065012153
0.04485730135923239
0.3387515639420001
0.3397812080226905
0.0587361032148926
0.3361186025898994
-0.20053833703814414
0.11819653617141532
0.10256088977989472
-0.047965353255511003
0.27123587094935053
0.44462426226725216
0.4597043900653513
0.0351987727938723
-0.4606650546603386
-0.21002861665536654
-0.41721307686951725
-2.0567146020989493
-2.3243223619042315
-1.108918161928083
-1.233264566221235
-2.094264151783351
-2.5392765934520654
-0.7363603028666991
-0.04240905165143378
-0.036391701917837124
0.13595058474327035
0.3228996945535643
0.2847576624867062
0.2305423960861893
-0.7395949376187875
-0.6227430365177694
-0.07682595904773531
-0.12682099580522896
-0.21271582719353138
-0.22515713468200232
-0.5019523447947996
-0.02238618632178934
-0.061961410915003186
-0.6937644219849947
-1.8407312311353692
-0.8835550409762278
0.41848336919127943
0.10095907584116144
0.15870258035761756
0.344476065069636
0.7439801441596443
0.3572849696440684
-1.4178145943250187
-0.5592441621992823
-0.06482840871463343
-1.6162506008492161
-0.3029655875988812
0.07273063823036918
-0.19005635851556493
0.2562259876804566
0.10972853028015278
0.19065021253846356
0.2459729140069193
0.12404040202230515
0.06395262296117224
-0.05526131847221836
0.3306940335736791
-0.11707168531049882
0.006713161121184689
-0.18245057708291537
0.05788685267785044
0.07634884830196635
-1.7603735657241837
-2.504766524458039
-2.342196951152066
-1.1729106704991787
-1.5168424897881816
-0.17881315535955553
-0.28893266860090666
0.05416705299997618
-0.18584555489699195
-0.06176942846453135
-0.33015606299240297
0.09804784396735672
0.023935981134804447
0.05183205709573649
-0.979145141764921
-0.5362512424533666
-0.38817471287023153
-1.2024806398413261
-1.9904079907782235
-0.6906016880560415
-0.29177249838842717
-0.6347420039388741
-0.4595736627097142
-2.09547432470638
-2.373426138518418
-1.3565047421957863
-0.28876759887094816
-0.3560287623932507
-0.14195825270491153
-0.3034047594208969
-0.15650543274491513
-0.19713701502223355
-0.12952437635409697
-0.09781878979104836
-0.22249075494162857
-1.4304386923016956
-0.574493563156789
0.12624401571453242
0.07941493672985347
0.2124562259033996
-0.11735560521585083
-0.30747567826253136
-0.408740644001283
-0.7297040465547259
-0.40949592158721476
-0.3059075605839274
-0.42594161120998303
-0.784913876043065
-0.34126511040606616
-0.24325748694698088
0.2764360562157231
0.6809066220023476
0.6659929236682177
0.6602151680268482
0.5305459083778915
0.6587057902581418
0.5022882579465575
0.19096140277115264
-0.033470281956288955
0.06635264873554018
-0.4796099477392725
0.17677836638487907
-4.980376046773747e-05
0.11241524966744636
0.4784475240855406
0.45670728630331237
-1.3797650256855611
-1.7105462116237407
-0.1764493027145557
-1.0323070651296404
-1.1423732221889937
-0.46560250468978454
-0.8513383871132055
-0.6643942437248973
-0.2588837382758334
-0.19340926414555776
-0.20753749542234526
-0.3770251515113638
-0.7901515490165506
-0.39146277849333916
-1.8239227885700078
-2.4302407149722427
-1.3130933320025138
-0.17177632756557612
0.26713915997628884
0.15310099723586568
0.12775283763379236
0.28921715782605995
0.49966575455708423
0.4706097582015729
-0.07797381170389375
-1.3221261523141576
-0.35444633483930293
0.2781679899749182
0.22250817268413026
-0.11791569227854524
-0.8723138648731579
-0.5413072821309348
-0.39834939009815645
0.015048103594829453
0.26457510125248745
0.08081500479333463
0.33732533276359983
0.1945993915757969
0.11006944798784302
-0.18821490359227716
-0.26493145513264016
-0.27624790151298223
-0.36028434861584513
-0.14080035414436956
0.15735977901237488
0.29322689501135213
0.14973952134088422
0.4586193417625441
0.7105102661725728
0.922116812917214
0.7343312061550024
0.9489747626355914
1.1237115925168044
-0.4444754893610458
0.4100388300216664
0.3589348488723275
0.39607806722859884
0.33047999917734183
0.01475154938522836
0.39079994160281145
0.23025252567808482
-0.16547576095952168
-0.32272538107324394
-0.03345998701983709
-2.1458334545367626
-1.3965660996556841
-0.35652560995707966
-0.35869699866757226
0.024601016439350424
0.36441221049345
0.48783885441631153
-0.8194431608561671
-2.1675179235168662
-0.7360865853802109
-1.4440877560719603
-1.624309927202403
-0.38510326043541376
0.21579131780049784
0.4723579966977219
0.3186586628591744
0.1230688626098283
-0.806618670870545
-0.18185783680935547
0.1693714674503279
0.12187614632627838
0.036596988067087055
0.3909346254916808
0.6173494810489467
0.3155082225084728
-0.34273430532449584
0.1319034574772291
-1.1851035738784044
-0.130074359464402
0.12661025816351185
-0.3804008269010603
-0.6242410535215984
0.14177399358616355
0.21807861326647482
0.09467422525886048
-0.7541194661130192
-1.0947366817148996
0.3139915245685785
0.5627448438850886
-0.4800572703031496
-0.7600384167285905
-0.11884538424180346
0.39569355751510454
0.588067807057803
0.4654365624022569
-0.7196144081815291
-0.5742582544552104
-0.3515288965951073
-0.3718239549956358
-1.3041203483864097
-0.3653785470958521
-0.3942376042932638
0.05325160803395612
-0.0027954193552421286
-0.4569469195572958
-0.9772818355717712
-0.48102763769644985
0.2896568365405378
0.3509006748274812
0.29594055224680393
0.637563465748056
0.7433079912125952
-0.5770134764557814
0.22499833342324516
-0.6005770382753474
-0.0789627084265153
-0.7266247296820337
0.4887892367543553
0.346047608289358
-0.7487101474622551
-0.010060042260699873
0.011422768646457854
-0.16569022126076566
0.10395572777486937
-0.5334783254285518
0.5000522938486363
0.7902026054178899
-0.08072544825390697
-0.6703928588574138
-0.7463712448890298
-0.8348920377987561
-0.6972608349110396
-0.6979253133650475
-0.02875538149296046
-0.17228757467709133
0.11456584734110725
-0.06491123871047352
-0.13543053551424278
-0.6740877459653725
0.11476762278039529
0.0445524602329972
-0.29118418109249933
0.2533535849666935
-0.15689720272389446
0.3177397284107904
-0.1556555934220823
0.5340544449400897
-0.32053603306657236
-0.6934574589508739
-0.08003353588762764
-0.0189914154567219
-0.03524049997811827
-0.29248039930901154
-0.36405263424314055
-0.2545500059562414
0.19698620156867486
0.290536373245695
0.615506839373015
0.5584962544610911
0.2792629904691138
0.4806811770033506
0.6390741296943755
0.8166535069079445
0.347513055452115
0.5779915682934992
-0.9963258319824382
0.008682807626244111
-0.7725709589198793
-0.2404107422988666
0.16067841236904165
0.3167079273998426
-0.27168301092961905
-0.36609354532875676
-1.5127328236430595
-0.6080383486631844
-0.004369788306232452
-0.20630712157269834
-0.03950547570460207
0.22004127241936783
-0.3050018063706688
-0.365769405064647
-0.286745493183169
0.055111587922731846
-0.14961803897806739
0.16137853089350526
0.1640223390418846
0.8346083887981305
0.7600943753376229
0.7102845953253383
0.8480624594928828
-0.35797786273273924
-0.3464120582863959
-0.5053626838779359
-0.27221588490299625
-0.3621217111451455
0.1210503898332953
0.3818047107471925
0.7190109757212833
0.9066657453999064
0.7928252692650128
0.8891621619219713
0.2705222294526812
0.7588350343512382
0.7611517768850757
0.647509445540422
0.37001499221517375
0.21917580335185244
0.07849391934598682
0.028991696261410724
0.324689873671376
-0.7376011365814079
-0.2670795896550011
-0.09259238705785654
-0.5681076352154573
-0.4068609378573829
-0.6482985218791414
-0.31659997935012535
-0.8182493312973844
-0.20276887444141584
-0.1326490428446708
-0.0016776983093048255
-0.09503333567303185
-0.28123423241262685
-0.2595405555959925
-0.009330748782898394
-0.29651481223542203
-1.2662244762626844
-1.6850173898386336
-0.9071232719786843
-0.7702267394504821
-0.48945042358925583
-0.2693671590272075
-0.3436965347933371
-0.24169872862408362
-0.31887056622283244
-0.30455924058175277
-0.19260417071098013
-0.07701892389461577
0.18325463635202377
-0.10223152497921499
-0.17735195997291178
-0.21411561882108926
-0.20631050726015188
-0.19980544279644896
-0.7056682793583953
0.34005823915061606
0.405206477991767
0.29941531078188227
0.34290016061651124
0.39983531056727367
0.16920133781552518
0.3231313219599497
0.19639628926363334
0.34419803142465594
0.5519607308666218
0.14763518292326916
0.21062453250735858
0.31936001501481076
0.13609671323628655
-0.4574641362127
-0.5446763272670407
-0.03284897747415685
-0.5046856336731342
-0.3357628057403389
-0.2383910340696795
-1.2679362959625258
-0.955073371598397
-1.6283689189585524
-1.9689715178062268
-1.712043048432091
-2.0178287857701687
-1.5387981067152225
-0.47112732709626837
0.007206476237289146
0.060807811958642106
0.21766952023172326
0.08804982771633116
0.1529884578019659
0.3122192982833382
0.4409408268030099
0.37056715317136907
0.1866643851404931
0.05013304219686548
-0.16567548238276003
0.08781946732294485
-0.3772043676933804
-0.2530799831862352
0.19944576697344343
0.23703490217376724
0.13058149245621056
-0.7069483008685112
-0.22771527472066058
-0.2775571473108787
0.15784909024443625
0.19162907533255727
0.2792398563747311
0.4455025167310776
0.34547161494525414
0.271008054999398
0.35563279085706356
0.2530782352298273
-0.01203028585548647
-0.02491222485574394
-0.04256525208955007
-0.3081854692791562
-0.2376642401146588
-0.13404988968033796
-0.14966400777391412
-0.8157409893134709
-0.4416891272661238
-0.07227023203711777
-0.6423538310977216
0.022328478786651437
-1.3424700851232185
-1.9582053601654636
-1.2803167424790765
-2.007731869920157
-1.549679318519025
-1.5349332302140914
-2.5944139835855213
-2.6544337608359325
-2.595481926504268
-2.717584829887075
-1.7958988910384879
-0.43920789011618344
0.03549518054509379
-1.4316919809691753
-0.43389380113299225
-1.3803728143750145
-2.0590119121626795
-0.4279116668458295
-2.2680286270479275
-1.2420652907533545
-0.7343121093430678
-0.1388936075660152
-0.377587715949771
-0.538731755609214
-0.6735056649745448
-1.2329511050518411
-1.3723744357634087
-0.9155537208807025
-0.354361697159776
-1.160227907578417
-0.4376732149122266
-0.2773211182754726
-0.2513234926925282
-0.3726501146299901
-0.024649533345458698
0.04118379075505583
0.12197606490361809
-0.03800891684599101
-0.04874903475669032
-0.18791750154149206
-0.20313401042885532
-0.207725480774487
-0.009385274579451326
-2.185904146707029
-2.1701249598437182
-1.0173051607785228
-0.4244935143877283
-0.5856308114904337
-0.43293534846636883
-0.0689082696418583
0.09204606337939328
0.01831516803028778
0.2729768707194016
0.020689817770014638
-0.7543977608421015
-1.4441045344289967
-0.2310465731589221
-0.16999641163701357
-0.9470038168591387
-1.014495474189403
-1.3356650449125447
-2.3960498393221856
-2.2417238694888493
-1.2530566846186713
-1.2864846703995056
-1.434679021634729
-1.0404358868048218
-0.29912508105025204
-0.2960447967769828
-0.07786620149244328
-0.19537837301565805
-0.5933287917839709
-1.2696822821645926
-0.820188725738935
-1.2194435899126441
0.018742641631039936
0.012109424084123622
-0.8391692325714364
-0.05994406178963784
-1.1118223983534141
-0.1696963699125442
0.07904568616739768
-1.1507459739733823
-1.0866634218448816
-0.5467420243830289
-0.25488467943738696
-0.7062476878271279
-2.118960002381549
-1.034248133359808
-0.44184207750730337
-0.71222001060357
-0.577615301332503
-0.3785794613206862
-1.449038034658342
-1.9309304901997015
-2.3791867418542045
-0.6032590082815205
0.0420063582687534
0.25706142177053365
0.38309968719571225
0.18591237432215207
-1.0618314610119528
-2.3057620630058295
-2.206414519397008
-2.7778362165878003
-1.442157996894286
-1.4555066559198064
-0.8708366281562675
-1.3611881715394643
-1.0578380739692446
-1.7957692657468314
-0.8748786294109755
-1.9880708298275358
-1.7084372698773496
-0.3203455315596836
-0.02862338927427855
-0.212509472071149
-0.2346097660439457
-0.09011826800010986
-0.5822854355650243
-0.11021663823064892
-0.15716632247638818
-0.5657903485278089
-0.8502596268493734
-1.086799424089265
-2.41599934737286
-2.168723331653023
-2.363543557095891
-2.4593712275726003
-1.8961031818718332
-1.1560391014920173
-0.9821217594779825
-0.2632949491807315
-1.076338905518282
-0.5595574233110314
-0.26560084830078634
-0.046300984406295015
-1.226573521076707
-1.415819537028606
-1.7901001833752352
-2.39523061295867
-0.9759193214075644
-1.3266737162359306
-2.070637502057736
-1.6009322899802867
-2.383518362849889
-2.6132426113838076
-2.3691765607779143
-1.9291445676901464
-1.3394652542727696
-1.814336580418725
-2.2985200813723243
-2.1344345249655654
-0.8643364743318659
-0.584325016003317
-0.6082241769769601
-1.1594106112246374
-1.7806534391534994
-0.2893444844992319
-0.08097012824135699
0.07850224242269094
-0.02925879119171802
-0.1178917131101935
-0.08737284147081571
0.10821772846688006
-0.07852466328823582
-0.10693188088139784
0.3661952994161295
0.4461893827938086
0.4273301737802406
0.5351431955883219
0.5282163869593061
0.41861302884469687
0.38681351117018387
-0.1996420015666678
0.03938628754002734
-0.21305745453190572
0.3141133597806915
0.11297382283219556
0.05343279944993913
0.4184196125131444
0.37426517605362014
0.3185037828652074
0.22560569497548827
0.11085354307027162
-0.5577106537375573
-0.21734467163876744
0.3064831358909872
-0.04320347005537429
0.14961465128056822
-0.07453175219880823
0.2227760191744383
0.2214308989324634
0.33898104304272464
0.3432147927124166
0.4467283711846473
0.4687827640781502
0.40472980128453256
0.2210813796837547
0.26791001227430483
0.33439906298476024
0.3000005756543715
-0.5121700088893887
-1.2718953968057944
-1.7942498161536191
-0.2606083525045464
-0.9323930214354177
-0.2976748893854074
-0.008569582734329754
0.1315473820537262
0.32225489833020826
0.33295104506928336
0.04198842759517452
0.4545947559744558
0.40404362994319554
0.2074477445643289
0.24678702498266158
0.3573018767257115
0.4318466600876551
0.41074894580550014
0.676098470889255
0.5673310430978544
0.2601910337101645
0.6149017349304444
-0.34603006087689975
0.2399225488529604
0.33331783208511917
0.37902423748367414
0.3366913736046988
0.36948123510215125
0.18122849319872172
0.20668322306996245
0.21407721892056322
0.35067599407083155
0.3247503022642479
0.3854773527345393
0.4712111956764031
-0.23802549012090632
0.3983261835296959
-1.3126289618244074
-0.23666319454558435
0.1959658521070158
0.3015254429575222
0.3109411864820305
0.5764611277464197
0.48773145953417213
0.07443311960772139
0.28406854053348307
0.48414262916614587
0.520441058147936
0.4915402027891062
-0.14203955435864773
-0.6287468546045539
-2.0294850311109958
-2.2891440384138186
-0.5563251358442567
-0.13417282462367391
0.1423972601369423
-0.8087639888625433
-2.331420476465633
-1.9182577721928982
-0.1122046880480143
-0.059553841486623606
-0.6185672538556292
0.31814492833990216
-0.4249960616945942
-0.027509276090985423
0.30479520502613916
0.0678448279879887
0.3365272061219472
0.37170750372603134
0.15452936703726278
0.24437358608410462
0.3167400285847863
0.25654009470400674
0.2888441171243157
0.5087455376009629
0.47101805589581747
0.3495653602864165
0.4324570468991202
0.447061707286744
-0.01821243785137217
0.031754581690417054
-0.08102680712151879
-1.335507356724344
-1.9032678972272092
-2.680043193354407
-2.854380806743434
-1.1483868019956585
0.2815553516630626
0.3898291756915084
0.41725709746811135
0.4811018920648055
0.42759211951835346
0.3586004043306524
0.48693798848385056
0.4392311587986544
0.41671769368799655
0.39239733778414837
0.10772329334015578
-0.08182985577961757
-1.3005129846609098
-1.991963083471232
-2.0678432725703257
-1.9476170675072648
-1.220487422581651
-1.1000422423301417
-0.6755278997078521
-2.0879631559153444
-1.1154090868962645
0.06484178140569309
0.26229669861020305
0.39771622474604806
0.38629094760888544
0.26411022127042233
0.11972168824116289
-0.00018485388869968623
-0.010262239789995332
0.27544768810535597
0.3358002481696425
0.2957275133616418
0.4317102615168093
0.13401313154118363
-0.5225320832864094
0.390141269816739
0.5537607216964345
0.8046690121475208
1.079976391610026
1.0435618308939874
1.0719631076448455
1.0358266093924486
1.079164976084577
1.1879990299322887
1.150780713233175
1.1923915814299921
1.0572780769568435
1.2473479397194793
1.2045818829178083
1.24804680780305
1.2521824207055823
1.2857134876539513
1.1965744275445647
1.1107539586731483
1.2049145603999416
1.2589071210766014
1.0431441790647962
1.548741890092903
1.4718721805725004
1.2324994703404963
1.367526231276142
1.425468445441268
1.3943546530843605
1.3630504143419535
1.2762257945948567
1.2077420977954774
1.2867462381967425
0.9893865204800536
0.8275757068433565
-0.3432013345386946
-1.6659646302316746
-2.3617073912056896
-2.0037748002728653
-2.3402021557570025
-0.0725610583124902
0.2409951569406956
0.43696409191060104
0.21352471196855458
0.1452062441643558
0.35661922255497397
0.32861740873183
0.567726886163013
-0.059938439735175354
-0.004161976872494412
-0.1220917540337209
-0.00799500328153755
0.16867749103409196
-0.5258584914952169
-0.7329933191687453
-0.2363675739833458
0.5879105695572964
0.5802300901608841
0.30652591833998644
0.4361100918951472
0.3701088279867509
0.6480608991846653
0.7574288395984806
0.930449932824691
1.0256760597085968
0.4063971912815108
0.7307896089055923
1.0971344465377713
0.9951483462419173
0.8790575653053904
0.6428070079755955
0.6060729640016187
0.7201935235628388
0.6307207082872739
0.726528648117406
0.7737843460694954
1.0172248597630325
0.891240873900491
0.8524632841411387
0.8599895266819856
0.37729631051255147
0.5411987064119334
0.8318986674204097
-1.6825489249082533
-1.4595995307714584
-1.3313145571165255
-0.3537023740449089
-1.2434448331133812
-0.014386253141218554
0.22199839264852345
0.2421137589213385
0.6447800573312578
0.6377535238017618
0.8099366841515125
1.0018800964256505
1.0686655026065854
0.8131608531245558
0.4613636704636199
0.40409264462566175
-1.0719876797523478
-1.7916162451972297
-2.357769400215328
-1.9237673667838928
-0.03502385377017278
-1.974102737942048
-2.1774203120097777
-0.5670791579434757
-0.660495997192581
-1.9017413860661798
-2.6317579070225285
-1.9967303824593434
-0.8772899345187798
-0.6186030866069994
-0.017140990734590494
0.059756916761980035
-0.3262084606308048
-0.8573581707113582
-0.8960137369674763
-0.2290439338788166
0.30324080428212247
0.659624552571291
0.6261272129416079
0.720107847616105
0.7599866525302913
0.6957710752840264
0.7508429939183828
0.0347126533784136
0.2227485014856817
-0.6046147052746683
0.1733233625653317
0.3030670169627971
0.2591017348575371
0.36247484878611286
0.6002488563729829
0.45021218238079475
0.13745659702370397
0.7457851251467689
0.6925499466068291
0.559434287526394
0.009209695496893818
0.1589103260849137
-0.0010872434015323212
0.1547392385594372
0.0845443125241988
-1.3396226199251005
-0.9602984513856775
-1.9900511089732096
-2.156439929888525
-1.2478139090454285
-0.682052754683577
-0.49068755017498594
-2.1365606232783247
-0.4959737037056076
-1.1063001529957432
-2.2780280102032506
-0.12808627545177498
-0.04358544405856507
-0.3131366022182816
-0.23535035506733518
-0.8884204931685978
-1.033511555962011
0.018531820907994455
-1.1358203025623832
-1.4298193779717085
-2.0154189899721002
-1.4631192464100589
-1.7463206905669764
-0.23766376563211228
-2.257725584447434
-0.6682388768465732
-1.6789705405674449
-1.7035106570973282
-0.10376486363224215
0.7821559595934062
0.9545120392309662
1.1012177195387973
0.838331698093675
0.6513781876657764
-0.678040493889166
-1.2824771470923653
-0.6719258550359559
0.20129822760478466
0.5621715096395025
0.610009865372917
-1.5828391628065905
-0.35771442412950705
0.43338862778059234
0.4163148432952968
0.9545154057229346
0.9352738174786455
0.8211883691684746
0.9187906729403957
0.7200095137172208
0.763742029125813
0.685072770355602
0.7458297330238487
0.6157638952225469
0.5845852739110222
-0.8151765977116839
-0.43036064011333397
0.24390157792527584
0.7853815764012375
0.049876303145704175
-0.7568932021844951
-2.6402399687208082
-0.8900325498433779
0.1023233731608256
-0.7662872401205227
0.5175415877047533
0.7744448924641064
0.49446177182065093
0.1353354863802569
-0.03407014633896634
0.008765298519454649
-0.8444971570126393
0.06890116441435071
0.2960291675969882
0.6436183790378739
0.5162976166536256
0.4309272960601318
0.48975213731948225
0.5718150903030825
0.30201204535994164
-0.9555602749161219
-0.2860777279885652
-1.4638127545996835
-2.3080905612950557
-2.4538008035895413
-0.6275697721348896
-2.241962613513469
-0.258513204688404
0.5132398152832737
0.9271589994634087
0.8605674777704303
0.4153224590468745
0.5738917418509142
-0.4253035023060338
0.47339275182612234
0.7993341854701657
0.44807713358388773
-1.1923834832594453
-0.3428079244288147
0.18430933849080838
0.04628560064795968
-2.2119577863725093
-0.5398608072368436
-1.8503408116890445
-0.4001155507382655
0.44427143948338854
1.1603824810266854
0.943298013503813
0.550774914757294
-1.4615946977577043
-0.5277198046041847
0.5031724775656714
-0.026149872169695356
-1.9280000655359493
-0.17673957473586785
-0.42690706728494693
-1.171503590225392
0.2729908726025162
0.29641573429889106
-1.9371463403994982
-1.7408828177361966
-2.687340733845271
-2.1790261449331254
-0.9691160704997803
-1.030284942079444
-0.5462832901916015
-0.270314390918182
-0.5936025249120993
-0.7133932649282011
-0.5344378514100536
-0.09378038495054006
-0.612150590273633
0.048228761383040414
-0.008612214834285151
0.3844752782933366
0.24194927058544446
0.046933877078005976
-0.4409000792767414
0.025762992490446866
-0.6423678103696204
-1.6269566323310711
-0.1655440419523975
-0.6229690042702694
-0.7113148065990526
-0.17149001791065752
-0.9405332887626408
-0.35527987729472976
0.11023019775651509
0.4815256298665949
0.8360410676139671
0.8835631679564802
0.5572457162350265
0.635107590881125
-0.09274802600470596
0.07406203564761643
-0.011975233135221525
-0.5558641509077459
-0.32574695383010244
0.0356144919248618
0.14955132687224337
0.027226304028259526
-0.2924644712535977
-0.011268317378733614
-1.868178918782818
-2.68486994282574
-2.659043810137507
-2.6499219209535894
-2.730815677136809
