0.2750513351035251
0.2690260428988691
-0.06375921675146795
0.11467831498648179
0.29061769231922174
0.22567873122799353
-0.12002448537550098
0.2502708040356608
-0.05454323636618649
0.3054973168456906
-0.556333557678842
-0.5454409192293748
-0.33138475166194237
0.09583499492729142
-0.06519682911176389
0.033987103797873064
0.2673355561977201
0.4036426919703324
0.3918906450955826
0.7160640641681016
0.6789078564782762
0.7183433468093178
0.8895581798257733
0.9875515168681369
0.926796246126253
0.8083902130109965
1.017351528404694
0.55849577537386
0.4175051037092692
0.2846153906570852
0.33422310704522107
0.6651310496409606
0.4725599969768991
0.5345051928558525
0.5770088352238955
0.3179804070350819
0.6436665769123922
0.4879342233302123
0.4996250083947563
0.5235157552732964
0.6773118598008564
0.9281110279452675
0.6594362419402792
0.40975539868189037
0.39812599019256734
0.1402115683518561
0.49280051636402455
0.7296356182419664
0.6778036118096387
0.5290575512939354
0.3858238434915605
0.3252544779389782
-0.009200244113710454
0.3571381941742169
0.17864490462570415
0.34219106878890304
0.4227850651713383
0.12061152214415793
0.8135142995177064
0.5873257162631359
0.688198693325848
0.09943266727531141
0.08419589068380151
0.09817377426791363
0.33877827613957945
-0.07679731819537094
0.13113552015367846
-0.33145287417060837
-0.6146246014201411
-0.31322959457661237
0.08302342424557263
-0.36703080330801635
-0.05329403325393273
-0.01378811157180776
0.5388969889856426
-0.13720133764873327
0.20709733568992916
0.604866168191677
0.818344884443399
0.7389124822565577
0.6835132952588913
0.8877716694609697
0.9639932477172183
0.6296657421314864
0.855328362174035
1.01212072981077
1.1696792819053523
1.0404456226608598
1.0651140953397107
1.104319584008231
1.2523067815097915
1.0411392452005606
0.8364629377790415
0.8121454052882101
0.23450076819017407
0.37365113344693957
0.596289518060776
0.8188479378321195
0.8199483820147478
0.6990540149987008
0.7432602433408634
0.681998303227052
0.8299721606851816
0.6698357124476825
0.8099988848820813
1.0650701659600021
1.2280068960065775
1.0801934187568571
1.0714460667068857
0.9086643708434824
0.9043622853296077
0.8387591795302333
0.915025790347011
-0.02658920093968764
-0.3755379777326406
-0.3837314264007912
-0.39922412475253916
-0.242582800260651
-0.12101569694950717
0.0017039817533658352
0.1771613368722843
-0.1510740905758131
-0.3153884208440855
0.16603912836878
-0.03677696331052338
0.09297864077716722
0.33896571500150763
0.589630033650404
0.7997731198687227
0.43363797532004034
0.9442691403479976
1.257002917340491
1.1949195849069176
1.097019432301324
1.1929833500590497
1.2318047475894711
0.8075725061167568
0.7661338183337495
1.012562223993041
0.6092697861526825
0.8375054210509009
-0.9454077802117278
-1.4027112323383317
0.11649335967590357
0.6098899847736402
-1.2622905752347706
0.424686158548497
0.1026701718934212
0.6198591510255215
-2.0348073835786935
-2.772025522352571
-1.558683634817882
-0.96831415131938
-1.8479474683979653
-1.7592144191409083
-2.4182534029469807
-2.364592439296314
-2.221581261874049
-1.999363969094388
-2.2406112711686115
-4.196404441441868
-2.334732364420514
-0.6456502498509217
-0.14962859161557224
-0.2905144863133582
0.05597650149225725
0.5487722625613106
0.46020023282133293
0.6857991149818834
0.7494174973800688
0.9144364695958261
0.8457284881500909
0.3364113199442118
0.9837815011421566
0.9826508156928345
0.9271907976675894
1.043871372667593
1.1646496801239734
0.6310155731082008
1.0158951580906912
0.6425449416522845
1.1108241544871515
1.0211984078403238
0.07339695895944809
0.6017045239051619
0.6902384711680081
0.8209998252556644
0.11366285073542776
0.4643795380087704
0.4089780364167249
0.5573812139666762
0.8601114688472501
0.7088912305061569
0.3654672702962706
0.5552815542661381
0.10525407196971309
0.040718734250041244
0.13716733628815342
-1.0975939005861504
-0.16993846438048615
-0.3795415077322281
-0.1038505628076524
0.19914892934093642
-0.3208560172040421
-0.6392549705087294
0.09039975744276468
-0.1698031535774423
-0.2737470840574371
-0.577379868436836
-1.0824322157430952
-2.64550758533679
-1.540886271286968
-0.4827293828922995
0.008686443459114901
-0.3124395675718047
0.20927403425664493
0.3663737149612074
0.23974731443183583
0.3556381599228945
0.27372364684850636
0.5691476086137958
0.7366823024162678
-0.3073995479692794
-2.1161098779626717
-0.9596561858184794
0.18095246700735323
0.015271996559387824
0.6725391990858254
0.48391313554876614
-0.03600604689376774
-0.2301759666666795
-0.9953697036618862
-2.0570070223152723
-2.0176222385860134
-1.3606970037921546
-0.8161567877544855
-0.6067645771735959
-0.36978028250354
-0.31235165722679153
-0.03730413601211496
0.23720592618830538
0.4096315980486789
-0.7197291144301388
-1.9284748788160142
-2.221241932015469
-1.619826197707555
-0.9934222067748122
-0.47707645115910535
-0.7787452753470633
-0.3057832762046264
0.1631483378232204
0.45308552864262386
-0.034136621300806025
0.22952611491532415
-0.975898711120483
-0.28627418560929324
0.23776652665490305
0.30036764353688694
-0.5476309771575245
-0.03893166424048439
0.07674138095061567
0.22467267642033384
0.7517749749823207
0.243133611827972
0.059415721320865256
0.8247374909715469
1.0128252334139671
0.4839674961873568
0.33338522619537503
-0.3647602357140648
0.34042051803026985
-0.46873517418564403
-0.05897256156133224
-0.21935225881718148
-0.37686223012389664
-0.6957943979446232
-0.07619376482213591
-0.7564972767710779
-0.8238541440779831
-1.1039721008140015
-0.5382904936815418
-0.9817135763667476
-0.8309683878817711
-1.0138334427796678
-0.6333877550594191
-1.148430814495676
-0.4252831784345901
-0.11366078680020464
-0.08087185527973581
-1.4702599188642234
-0.35548163666788546
-0.7124406095687728
0.2351926954508884
0.4182107246529029
-0.13589660208598406
0.17047341653025322
0.09365058915686542
0.559882401779612
0.6422095980716732
0.7435121942972375
0.39671860722639674
0.613264043006572
0.05737200668653347
-0.7096955072402213
-1.500489371281006
-2.3521571962484455
-1.3990582785484693
-2.480451478910651
-0.11389397855370131
-2.439292551972221
-1.6009391120430605
-0.34100401925858526
-0.5487228218419092
-0.21675185264633468
0.24783729847455505
0.10097752874406407
0.508548422047963
0.5558828500735166
0.45879035518148725
0.28154465067090473
0.23237917550184994
0.38818923084629253
0.6276097811133435
0.8564344513448608
1.2509481958355075
0.25178533055231844
-2.214639287528567
-0.5631952559331134
-0.18316240966103295
-2.7274578721327822
-0.5157078378599511
0.08450029042728491
0.26808272647576914
0.19226203387191343
-0.2335070247542928
-0.36821030480401135
0.007188840209928993
0.1679229368271572
0.24458123736285287
0.1996669117340505
-0.023153896565984045
-0.2247767197002836
0.46678394265358036
0.6027759637738769
0.2730231048735835
0.5861684166026762
0.6744216104322166
0.4628073270946218
0.27517259619953716
0.16688418630058172
0.2654924722103683
0.031153575828194557
0.2412389077748166
0.6108277716948437
-0.5035907883193694
-0.5638879831580031
-0.10513843304751905
-0.6787095560579478
-0.33500213212484825
0.6760957465311358
0.8129739129771657
-0.4917474264666072
0.07070375860275158
0.44925037290480774
0.22048726765532578
0.6880022977476964
0.489500685800316
0.3049159208783322
-0.1342088181974586
0.6974856844801833
1.6577256263609916
0.19638385128067992
0.4580183810968236
0.7198144427115368
0.7876599410581256
0.9240347009046518
0.6331450560361961
0.9125728130275593
0.7369581379882243
0.053866813008198955
-0.29422684760025924
0.1393787783794576
0.4544723382109054
0.5675666169356515
0.6127005768289229
0.0321083735903695
0.44586724869656225
0.919876957724883
0.4589378255452634
0.6194129170901245
0.6025252862211722
0.32478013808760653
0.44870109927461177
0.3211250054315551
0.5466233358034565
-0.3702444030595504
0.20056053040476307
0.5767435179841632
0.5803350052368477
0.46045640317364256
-0.06159793544019132
-0.796075073040991
-0.3697391820032376
0.11949312231091219
0.6001931400625667
-0.34080909708842105
0.0028863559468067512
-0.06962971121828043
-0.3634210851860908
-1.7711017826438318
-1.7319910272155647
-0.591887659039921
-0.26115018455493777
0.2749749315637924
0.040956566561679286
-0.6290207068758071
-0.6066710590314586
-0.1637507644515093
-0.20993700700057416
-1.7241618529188543
-0.5076188260992296
0.058593899225056534
-0.10269081570074678
-1.2398028478008367
-1.4012974373161633
-1.3123017151692609
-1.1839719678422091
-0.7229234480270866
-1.1025280347996453
-1.9858209675234981
-2.1827447171686427
-2.2619241681734117
-2.0285405365572946
-0.8178267755899304
-0.5193435305601352
-0.18738207576319596
-0.5022812375379206
-0.48817247486589
-1.1021866683873858
-0.7080711297137129
-0.06837508529434333
-0.8195201327804181
-0.7183363404952179
-0.4456681221509576
-0.10064758916012528
0.30165297905014554
0.03811709715960365
-0.69155732796648
-0.42606377990286637
0.02517018947815508
0.36802129248885973
0.2402374597749911
0.34394734095811486
0.35765519260851886
0.4134918845290936
0.34890035951322573
0.22470389919328404
0.5222391369674784
0.5135381038324178
0.2343752587289324
-1.0299428679525588
-1.8295936538555297
-1.362432234879193
-1.378331005769311
-1.7468336445507457
-1.3627461716535967
-0.38727211844401854
-1.0623002159605484
-0.7876717771938972
-0.7887330239998936
-0.6913765994570551
-2.419830841218717
-1.3942730072316447
-0.7613143112523288
-0.4144199214171104
-0.4159541839976776
-1.481168503837301
-1.727370445384349
-1.2615784715078329
-1.9328610177548136
-2.2336569764973917
-1.4449891719307
-2.551715763504318
-3.2497925204933167
-1.4384640782357079
-0.0036806181497004986
0.06881855344556964
-0.20295658188387541
-0.37407704548882176
0.11558777404874832
-0.22354887813816532
-0.14016596893367156
0.3555868099968206
0.47489808477246054
0.49497856201202717
0.6214983265833799
0.44284953274747807
0.6451016603663334
0.47017549176313744
0.3847393147708653
0.3676674393465268
-0.07839181495442576
-1.4725945411213508
-1.1430710117809981
-0.7057289194994133
-0.29074952830468964
-0.23291483828141388
-1.3831059356085853
-1.037312081742213
0.22179962454000035
-0.40722895265692893
0.3717588526604729
0.61446701969503
-0.39241106267051695
0.5521443104494188
0.5632915704020421
0.8907908324613493
1.0827248504150724
0.8606995606256688
0.8327193153216387
0.6453403045308808
0.7303949483147144
0.4243080898227437
-0.14721632199721169
-1.6654135434496
-1.0405801224122961
0.0737718866178943
0.5409835099823846
-1.2820773257633713
-0.9363839421705151
-0.48854965403574085
0.006201836379508829
0.27236676802325255
0.30087030981048546
-1.5149303737779274
-2.507143159534198
-0.4648002630255599
-1.6852920840993444
-1.0726767148738676
-1.8873741638049832
-3.192858735453742
-1.1968209446889941
-0.6766706344497102
-1.1950435745193246
-0.2448137809794715
0.3392685150274306
0.3192458955974137
-0.06308967195903803
0.38367069204443394
0.33892586831180016
-1.200930097198353
-0.3497233618204144
-0.17260918558208974
-0.20592397583779126
-0.566403212561277
-1.9773907912416586
-3.2846510977506744
-2.24296512830563
-1.8156721721043603
-1.049745361712907
-0.5176120779370725
-0.5352641995897538
-2.127814992427126
-1.4856426041772886
-0.40684927727307163
-0.1418592771049836
0.08633100468153293
0.4192368473357758
-0.2027750828080666
-1.0003437772418007
-1.2204539224544777
0.09218194018451603
0.5089682273108903
0.23133843133213927
0.3437791566364795
0.08071296545015821
0.31363352428112323
0.010519185195105252
0.016147855292415914
-0.20196860914343276
-0.36940724693454385
-1.574810170272666
-2.302454067205818
-3.992157107733399
-2.7588134812669
-1.3927801394660477
-1.2305674064333099
-2.1490244596785226
-2.635005179721377
-1.3581243436619745
-2.005177820686287
-3.1169194781729623
-2.056989578652998
-2.443512856524802
-2.1901497395383696
-0.35070088000613886
-1.0210901708506432
-0.7925805693515401
-0.5194864874599224
-1.1145611377276303
0.004233457239218197
-0.19975941778859008
0.16671357769424633
0.6354640290626964
0.5940676836075932
0.012480431460504926
-0.49031364152771517
-1.3399449284707203
-0.6878846755306306
-0.2079151742094845
-0.015139871473758282
-0.16716488200169752
-0.5670470782014669
-1.3008171709841485
-2.785586750332968
-1.4219957429851382
-1.4956726317376048
-1.382042146576826
-0.9973051712231509
-1.323256717371975
-2.4178017678176658
-3.5141722278817986
-1.566250282029639
-1.0886410209059445
-0.8148258168927163
-1.881590392821717
-1.3150907468691786
-2.099070484616788
-2.0695629172495167
-2.2597131828923027
-1.1762067933845475
-1.27531964870612
-1.7857563549368622
-1.695897766270785
-2.252085049048321
-0.8986844737793904
-0.2899494276129508
0.13351331701296587
0.08169326732078636
0.08677216154816858
0.044440730848033794
0.1692101503558805
-0.12897170556601098
0.0709530541777344
-0.6738744420515078
-2.5403263615881704
-2.0766513491336154
-0.999888345663907
-1.3805645611586814
-0.8737268035240577
-0.9389804653570274
-0.2947122791041682
-1.1193123481514538
-0.844355450709854
-1.208545450841886
-1.8853193273779674
-2.757910286224409
-2.7219469071247677
-2.211155784333165
-1.0459968867734517
-0.7134825330965737
-0.20922738871029303
-0.24900921371503282
-0.2170998767534289
-0.019127768722085048
-0.6029584808914557
-0.223035127580258
-0.21246720438740174
0.2512561915234729
-0.10026485278362943
0.40273261526557713
-0.2797767449067716
0.23208528145793028
0.26396829656712684
-0.24804696175757482
0.05591777629526873
0.1537338977092375
0.2649442060125997
-0.6027635021664822
-0.3184222292435195
0.06252760732847051
0.1988052697794122
0.3447858048750191
0.37168313333537506
-0.012600661539543756
-0.39530603522056995
-0.6903362533552997
-0.595868536520858
-0.4023108583343675
-0.3607226212442031
0.19114348204028875
0.3101903585010285
-0.3211935595915692
-0.3314876243756752
-1.955442551252362
-0.32609405959634796
-0.5226029145160236
0.1357329038737488
0.06380809412194444
-0.04688227361792319
-0.668733750518083
-0.7523669181566062
-0.9797844024453348
-0.3885164194294629
-0.5288825355095238
-0.3293323610241132
0.008609181892368478
0.2528393481933623
0.2836820139623051
0.10649412751594134
0.2150280562881085
0.044275645581173584
0.11113211647187482
-0.09482985649894587
0.12102489863006749
0.12538217679090835
0.25374192970401077
-0.017807820944300223
-0.43961644802002037
0.03843160519753164
0.25857346995942165
-0.036680463891499204
-0.05656127688281215
-0.24484684016456576
0.16411868793949452
-0.3841386218235233
-0.12456170667678762
0.10612652796054212
-0.032902657485916253
-0.9350580861216194
-0.6238929990051848
-0.45098571980301166
-0.17037848556370508
-0.20149197723074114
-0.029150961973531675
-0.253962039887602
-0.24209016956127347
-0.26849018918197015
-0.6969522766340119
-0.8264988249542529
-0.5264887453105047
-1.3073498707402629
-0.3116625465312619
0.36031149943662044
0.37335422615241154
-0.3278907277195732
-0.7250339839378044
-1.5368700932952053
-0.5733447095123196
-0.2998036216926844
-0.22767286832731434
-0.32804203539063265
-0.002697250055144762
-0.5015370604170328
-1.8471443604911157
-1.9063636367306476
-0.6934014957705164
-0.06771931601530146
-0.1766739434402716
0.26113053192508395
-0.0037935921206797563
-0.35561204075708375
-0.3903619388555634
-0.21835746076451898
-0.043240459635636275
-0.08491275278790558
-0.6712185552569256
-1.298116229123592
-0.4456322900353809
-0.5517978349533472
-0.2165559548094419
-0.22781467240628192
-0.5638022367231338
-0.3093781514441235
-0.30575659967838686
-2.1778252404987417
-2.4682365651695206
-1.7887442430317044
-0.284097051790019
-0.18104179977238022
-0.5825639253677666
0.07053899517274043
0.2007335670440572
0.26694850026703054
-0.02158931053848756
-0.5085083294408594
-0.7488473628228922
-0.4302387257295784
-0.8724695479264039
-2.307396705969527
-1.8094636332427605
-1.4370767213795874
-1.5105577089825113
-1.6781485571741683
-2.8818209335131115
-2.0640638521920947
-2.4147120868210568
-3.079534635034067
-1.4378885450744305
-0.7771819801840586
0.058768730114291734
-0.03276468329767657
0.15012505971707246
0.0983621596982534
0.023776410917966007
-0.9109844492308427
-0.8443916829414745
-0.2859461986836517
-0.2807655543150121
-0.7645847947886856
-1.9371774680333593
-1.4197586658865324
-0.2504353653736194
-0.07691249201327557
0.41633455610943604
0.3281289817230245
0.08543411205399343
0.3589359755754229
0.5347077653329226
0.6612853812775691
0.6000597215796472
0.2647784827984009
0.46364083297317715
0.5738794120930256
0.6611836710352312
-0.017723772200141874
0.26558847441580047
0.2880199871699275
0.3596522894014105
0.3052081461074362
0.19608931818341768
-0.017831018242767116
0.3812624260885078
0.36950539863778975
0.12488123329634421
0.514826678585092
-0.11069150897620839
0.13092782541237308
0.048665117976707584
-0.14481846801874163
0.21768212210480786
0.5251316501233976
0.5284354773488221
0.04956158758894558
-0.40147705263529243
-0.3482419887336857
-0.8380209313206112
-2.0581299422559725
-3.209046931375318
-1.4514261227508554
-1.3222342182628655
-2.785784990751325
-3.6979068703858236
-1.1815222036829545
-0.12584708202796757
-0.41681663790930057
-0.18985850276221874
0.14950747849979162
0.0424423002271217
0.10301913331571577
-0.9394876674942075
-0.8803474063546944
-0.40548692961267185
-0.2136652945709719
-0.34140358320532127
-0.24127927231535123
-0.8651260984283218
-0.20543440725998297
-0.09853880895432879
-0.8449586639605976
-2.065370968367335
-1.0898544394624596
0.08087328620822531
-0.10275743280017088
-0.009970484990842743
0.19600126752667524
0.5264736081392373
-0.20036948875469807
-1.2719395367167312
-0.8014138315393176
-0.2222659362897983
-1.2025703751917192
-0.3757818927910688
0.029384009941352984
-0.22051743403249652
0.15074601552400596
0.005557829690090499
0.03918714831451048
0.21150486507892696
0.16601541039037582
0.101992347648451
-0.1622578566660009
0.19575101316795301
-0.23685074561266956
-0.044551449731601744
-0.20444552043631967
-0.04677518370380129
0.009980881604527148
-1.2989457122109642
-2.4098310005993304
-2.786259954509168
-1.1518118430465014
-1.7020017793628286
-0.46123646452249434
-0.5116694704102586
-0.009480053765326513
-0.16861830510042325
0.00414849349984503
-0.3283590572092737
-0.08818371531053412
-0.1845685318258766
-0.04700850133536427
-0.9867507347678814
-0.5516383613270199
-0.5997335071253391
-1.1975622657164477
-2.6944409406096614
-1.2798099670107177
-0.47153401360487707
-0.9672233357539064
-0.7408481715654455
-2.109591735244969
-2.504369310649936
-1.7612526404193765
-0.5613904985130684
-0.6603437565001852
-0.2905181199673167
-0.7719889481421108
-0.7608013330894945
-0.47942142375888214
-0.3004377490019708
0.025084403385950194
0.007149274264679817
-1.2832303996771963
-0.6107651055727891
-0.0245579925293144
-0.03567325875405153
0.13192444565621908
-0.3529340685353812
-0.7572593280788121
-1.0058809361250272
-1.152703904550223
-1.034386355465773
-0.763813914562183
-0.4926409814354311
-0.804773818503926
-0.3632183992461928
-0.3360754423896552
0.21372514594925263
0.5460794712560709
0.40342875713076365
0.5330107081037513
0.4280833667053655
0.6078001454677718
0.41227685053427965
-0.16558961123576743
-0.24833751505381835
-0.2156650328635779
-0.8298790511363289
-0.15389873612889682
-0.2885003209682372
-0.12422176973802329
0.28727387546016936
0.21621091013411597
-1.1394218268556053
-1.9994735701816646
-0.2691715708361481
-1.2554563222063
-1.4798177241668053
-0.6942929824677666
-1.2182291384157065
-0.9856950388645601
-0.3464440935898876
-0.319681776868725
-0.5316304250014892
-1.002339684433107
-1.4050241876176366
-0.938728177195052
-2.0394791300878627
-3.05879534502797
-1.9962437851102246
-0.3602068044777202
0.028741859439965878
-0.16104308330559264
0.00040340405583427774
0.1557669934405752
0.3651821312304223
0.24637440140153655
-0.15900282679305167
-1.4222308806650474
-0.32353949827981887
0.016534305655926673
-0.03576817076679528
-0.17082445968870363
-0.9079884315375935
-0.4537115109737307
-0.4639406199704893
0.030880504835631817
0.2290710348873738
-0.0329454511732179
0.32088495072514955
0.14042970246892783
0.11786821411175086
-0.3205782939737148
-0.9342934826633941
-0.720655480662001
-0.9026117514748692
-0.08761290815292488
-0.06681154161620217
0.3493705941661617
-0.0974996460422311
0.3543535910507293
0.6012214934212078
0.7302482121685973
0.5926659687270713
0.5697461786945928
0.9294463186976255
-0.5283067167727851
0.4512091460569796
0.3200139376253013
0.4746464928003301
0.17740809607764435
-0.11577788902955738
0.3106621269060822
0.02938942197462041
-0.18882340868205055
-0.46053112718103156
-0.043563686638936006
-2.382963644890329
-1.6779789640442346
-0.34809106102501497
-0.3699039753791028
-0.02576817869051573
0.1959400031676619
0.46742619052426304
-0.6996416718819194
-2.8083659747405316
-1.324697009558966
-1.6661923806473773
-1.8961370365292436
-0.7641636297614736
0.007738572021302514
0.3172256744683791
0.27230532300072696
0.07479923203432626
-0.5996685010639708
-0.28099964721274273
0.10710395712535942
-0.028877781372499967
0.1373901230932103
0.31556910528347204
0.5249567026359596
0.28259054880732337
-0.36023046000150966
0.12243756725033472
-0.896618131347662
-0.16246185462051443
0.1057275142797941
-0.15256281399489996
-0.8532359021034381
0.12489096475216832
0.23179417041333228
0.07115430631509223
-0.677760124479187
-1.1785424546475949
0.14468066072004893
0.6802430094373407
-0.2381311347489119
-0.6450199788174285
0.08167944714851955
0.37178802722425797
0.5279874537457733
0.38207678224908836
-0.5339045896019807
-0.21789744687371396
-0.08574572477229436
-0.07086295340599402
-1.6875827874447769
-0.35879798242788785
-0.3948589414295459
0.11714469747210904
-0.0846843541799972
-0.4878931495947826
-1.4585169363191448
-0.2731072475524111
0.40893887135624196
0.44397261214878103
0.39001146951261045
0.5623733557607452
1.04130395391614
-0.07569005887222346
0.2714503843466276
-0.41899680131359507
0.2281105738333704
-0.2740769395626832
0.763615628448158
0.544198331528709
-0.5431803405874407
-0.013872890230441026
0.08318348937211029
-0.0796863525682937
0.17061519424358157
-0.3274271996013998
0.6244513523611601
0.8801604269665023
-0.03799140015372082
-0.6894755799734116
-0.9625672225655031
-1.2925850655196962
-0.8315411194978684
-0.8436987203798668
-0.3354723205127444
-0.1397539475656391
0.0341283793450588
-0.04678062322714849
0.030096396372691625
-0.605685003005233
0.13378168026464965
-0.06405079861207733
-0.3689746257618975
0.15118836471693814
-0.21602334620777902
0.3877204355671853
-0.032524496612315545
0.35165948759766896
-0.4427192254199891
-0.7558193995973463
-0.18033648181127648
-0.09721498892778607
-0.09783095681734236
-0.4157396162071406
-0.8069876004622379
-0.4200261107684703
0.09019207613098645
0.2389581186429276
0.5949227246189576
0.42542599731438424
0.1486376262348421
0.3566505206744387
0.48499116938548825
0.7737539313517913
0.6763228623389655
0.5984167138812616
-0.7763234698506075
-0.03494654860024238
-0.6102107617218187
-0.30306516863015937
0.11814929668548829
0.2193896708750317
-0.2726072996901707
-1.0273783913967134
-1.7427568661563342
-0.9805894427984646
-0.22231943906525747
-0.3132734197792361
-0.1719482868278014
-0.032509273488785184
-0.4871085588904445
-0.5079524031727811
-0.3335507320534399
-0.10270914598292774
0.005249032356032135
0.2675728468917101
0.11746074225466546
0.7325928776705307
0.9024540337767314
0.8216692326118183
0.8783219122930538
-0.15332212624015984
-0.4235008092054629
-0.3545504673206411
0.10212092123238681
-0.38990205200947897
0.11288498264453456
0.5385982840917843
0.80241741076175
0.9311052035921182
0.9334071214593956
0.993187671335051
0.487308683106889
0.8861488508618066
0.9017667784117706
0.7161442710735134
0.5825371278935942
0.574312636792968
0.3302738170704048
0.36657682639565314
0.4854423538815026
-0.21425573554771876
-0.21206052328187425
0.024583308865635978
-0.4325095915924412
-0.5441060965192253
-0.5601447169502294
-0.2499672723086871
-0.8527064248139208
-0.3834360917549379
-0.12784285184174052
0.13020349051982277
0.05365276334516428
-0.26970062501975717
-0.18029676174505738
-0.05619536643773182
-0.37183285451854087
-1.1990327500407887
-1.4598319834293845
-1.0558207346770814
-0.8073231882602756
-0.5762908094360114
-0.39002311622424324
-0.4691838856051751
-0.739378977935065
-0.8285902996854749
-0.48179746764595627
-0.2457670536211028
-0.13761649642670812
0.11053330544838735
-0.21636275520581727
-0.11976958361570561
-0.06837130652016854
-0.4963026715276374
-0.3598122102858359
-0.5283046004725449
0.32337158295502155
0.4510295284108379
0.4463090579969927
0.4306019151072683
0.37106979276776086
0.11248627398138933
0.4183428847308791
0.3413467350789966
0.474662989013111
0.5884734408233584
0.36171810691184825
0.3173348547609127
0.4308402046797212
0.31951972958936237
-0.31409332299860887
-0.3269146370164569
-0.15387972878835007
-0.3956188443977372
-0.20084735393378975
-0.2201517847087302
-1.2387678451003934
-1.807991665892057
-2.006335146309145
-2.477423728032422
-2.3986428404732343
-2.9738729166907087
-2.0008262448185445
-0.7958645155197986
-0.05416253486951944
0.025699797334353458
0.21923362570616012
0.11792864020528648
0.2602488660802187
0.3982818766634618
0.5150407841345216
0.4620681563592667
0.18456327402207606
0.23179171498436035
-0.011323593221261863
0.26701403029259396
-0.18344469228180083
-0.23965505538765497
0.13781077044779544
0.14188301814796578
0.0003320460430447647
-0.5997487665466189
-0.40436025538123427
-0.20014308306826895
0.2954672369206943
0.28933234068004643
0.36100415224812277
0.43233034366859935
0.3290302682920824
0.2517238271560449
0.4662033916335173
0.3413503148714032
0.09809863176600131
-5.48623243826767
-5.794722535665151
-4.3909259798073315
-5.173466822777438
-4.838830783660738
-4.8635147154485905
-4.122257804590126
-5.022772942044057
-4.492739601168945
-4.021446384254252
-4.159724395685118
-4.306374500449062
-3.869330693390077
-4.245995406307255
-4.559005382651538
-5.595532098509995
-6.118672239054905
-6.151399874031469
-6.423772072595638
-6.36305524953046
-6.5985068765698385
-5.032543304371231
-5.340649839786148
-4.566810903874073
-4.06270376746721
-4.729816590008518
-3.994104958678854
-4.726065858653146
-4.7778969635153725
-3.9783016754017257
-4.565471537157364
-5.181321675109138
-5.384511515673094
-5.091501476056139
-4.8772309573703145
-5.024032935936141
-4.339158324152842
-4.093171015277962
-4.634485149449574
-4.127744065938767
-3.5972477237319738
-4.179655848491397
-4.731381684948254
-4.668842817301127
-4.905349860722075
-4.690734587057115
-4.38436999204307
-4.206372894031398
-3.9745160316358423
-3.7663680894733487
-3.823830907780507
-4.307519097794602
-4.378476383277035
-4.1337612519168365
-3.437319709876544
-3.723849903948402
-4.103782003689983
-4.405606638881921
-3.674516196872708
-4.144318619244433
-4.351316831490413
-4.437998893657859
-4.730350935886398
-4.5624118091602295
-4.205729047664628
-3.8934537499828292
-3.9817511815736206
-4.510370230741143
-4.078023251423303
-3.6534141069495596
-3.604511996833855
-3.4764750596483145
-3.7945298568807413
-3.913393721623845
-4.084282093089503
-3.855935779941338
-3.5502750605552196
-3.798868628977991
-3.8194364518947292
-4.312666621990729
-4.5001602075921605
-3.9112341643547817
-3.684828971015295
-3.6371643447719526
-4.050445330986816
-4.012971671375519
-4.048582633106418
-4.285379420553603
-3.658827082754391
-4.3636381542451455
-3.9089903819328473
-4.398026390209217
-4.482313644723682
-3.4968469249777696
-3.9061014339096434
-3.704204761419471
-3.8296361090558615
-3.5327447110769685
-3.4048086822261574
-3.6793982585953287
-3.5979117638817195
-4.5000865936243155
-4.4071056217208
-4.937956531805678
-5.621119671000725
-5.916338725950316
-5.412920137044338
-5.255700126478231
-4.841646406255085
-4.8919488250382175
-4.537628883600535
-4.011581974141142
-3.8192029895837507
-4.2548963056557785
-6.526321304300013
-6.4639733139305955
-8.110052403771368
-8.395120754051327
-8.778986993483251
-7.154589402280412
-7.466470013110393
-7.060242482231541
-6.845562268636693
-5.842455594586357
-6.405208606141185
-7.304712692520403
-7.4395550892333295
-6.424762777339946
-7.155835601852391
-7.120495005855846
-6.3144298340630645
-6.8457030894142115
-6.287229586010344
-6.017038481543259
-5.755036465954001
-5.830005638489077
-5.361296109600024
-6.4161740167484815
-5.396980992396328
-5.067899521085095
-5.3215333401224285
-6.547570008764523
-6.273816774110593
-6.671545459810854
-6.035132945550304
-6.355736206296382
-7.286723610260022
-5.925791565101357
-5.9727420932522195
-5.878140145204471
-5.567024090049332
-5.879741856115562
-6.0157067907617
-5.5284315475425005
-5.417642447425455
-5.431105887455122
-5.234990527971526
-4.818136769740772
-5.474743809899967
-5.447466727685956
-5.646440214127902
-5.1619580482288345
-5.288823889107621
-5.06222510448427
-6.075860824788714
-6.046964770618397
-6.309553331583966
-5.3943608909694785
-5.61765248879837
-6.402720998190768
-5.558248787616823
-5.71366694727454
-5.023820154648786
-5.71492605527731
-5.7797754409445945
-5.953241904145644
-5.639154870882155
-6.2589559730836095
-6.066722670582612
-6.152062335405577
-6.213965085626221
-6.251225855969043
-5.937242215630521
-5.664722499242887
-5.37170776551049
-4.878464938117817
-4.861590547206871
-4.577044284734144
-4.132039542424484
-4.57556864178719
-4.695837840891661
-4.49408215929918
-4.9733148755178105
-4.5438797482205695
-4.320458853324453
-4.292850796783331
-3.9357748313386276
-4.179143835020039
-4.46765343843908
-4.0554008718457055
-3.9770604671255194
-3.870497457291959
-4.011891671534114
-3.9643411935160526
-4.0976876083956535
-3.991546572891038
-3.9778021880865833
-3.851585883551847
-3.8452024860698892
-3.757180140214256
-3.6747377206849428
-3.5126307673084582
-3.466093984576596
-3.845654430042465
-3.332049844091751
-3.7720605218182053
-3.391552920815627
-3.1583093823939596
-3.9532921708069653
-3.4063027985704575
-3.747984480513297
-3.5246057146692418
-3.894047868249368
-3.592374499678364
-3.7901662979597046
-3.632272954796378
-3.7447345270665253
-3.3740989478217616
-3.5058227046606296
-3.3080504207415147
-3.4081259354677806
-3.205945369859264
-3.102074477291854
-3.306484509849727
-3.654125894721119
-3.2786545260518287
-3.456135802022944
-3.5557166034367484
-3.4761380851221024
-2.9918249310639458
-3.3244382126541168
-3.5238743682602394
-3.5901810769063727
-3.6851541635756138
-3.4635463574860865
-3.6852241476272627
-3.327509259804402
-3.1098963136553204
-3.4664104478840567
-3.0708483432330502
-3.0712375580948614
-3.2923141250098267
-3.2434681014312337
-3.6313224440533673
-3.4321521187954684
-3.451081685403402
-3.545446722978827
-3.286916261509996
-3.379746741865887
-3.3944348056967715
-3.1338671475310087
-2.829318398951609
-3.536367782054377
-3.117398840854742
-3.221771201315528
-3.23685108591095
-3.5794950151551275
-3.3020617915702037
-3.266266458259358
-3.5342154495504765
-3.441340386683552
-8.653477399818236
-8.864402399004124
-8.506791152010784
-8.088983066331199
-8.513217104074014
-8.12815919568927
-8.542645531314513
-8.298237619147583
-8.079584123653484
-8.436886324384153
-8.279094733841564
-8.076926435235222
-7.895426931967835
-6.814099020733105
-4.27308251322005
-2.575989157656494
-2.035754517650299
-1.6452204924157656
-1.2223908859551966
-0.9623077108045363
-0.5464315131972649
-1.0048707798527325
-1.2066931342647944
-0.7624306681272479
-1.729040480393179
-2.1285892576706082
-2.854587011925675
-4.292550023602229
-3.4308380757006556
-2.0956598777774125
-0.9999795762499921
-0.8274956696286123
-0.500943025688568
-0.30481595647429427
-0.25181538488851185
-0.1769356353259386
-0.12793453469848837
-0.09839206853363275
-0.00011714977864307752
-0.08324862043737347
-0.44872931138921635
-1.1544252798435486
-1.3510673446670567
-2.013768490749001
-2.06671917763455
-1.6383785788861172
-1.2902218179816418
-1.2008530921864644
-1.6788283616982183
-1.4810645423792068
-0.9545160508502994
-0.28186925281762887
0.2570420439572457
0.23928452216125617
-0.20520738690220744
0.021665468784691777
-0.40196751191767727
-0.6797247687222243
-0.5046037846740039
0.05461949513334846
-0.013440223258318396
0.015348206246660168
-0.12384984211888672
-0.8501840775838239
0.14813507983177843
0.3819006470223181
0.6727668222952706
0.8195705210535585
0.8413992969294511
0.6812571089686293
0.7985749840522393
0.7475995433793826
1.0253981918197113
1.0225038906642587
1.0918874264798983
0.8878498061949666
1.1361774146639965
1.0670689800208821
1.0992085560439704
1.1085876646791473
1.4467897922769768
1.5818704313759722
1.3768703360979995
1.6124337749325295
1.629297319861311
1.2371146704850338
1.7092999310671169
1.4201306739827877
1.1658041099769605
1.1673930722942942
1.1126053511210636
1.1468959517242232
1.0554754134252722
1.4052808664159677
1.3504841594005685
1.6009539166058855
1.5231973665109533
1.0940132158622062
0.17734003480474314
-1.542313533241015
-4.31156693484511
-2.9485401633722477
-3.428110967734503
-1.475089448872886
-0.14613469430799825
0.1216942913582742
-0.111206298742075
0.3931587939663209
0.4082145480775775
0.48474290339583226
0.4861604786988303
0.28893656629164266
-0.009185237141253744
0.07917588004445197
-0.009975432595231593
0.35171430826662375
-0.11990027232100811
-0.45748689184590474
0.07303580549919858
0.14413272088547063
0.5016614108799123
0.4116487811798747
0.40383543499103103
0.39812548097505107
0.7157069108146449
0.8169705269371089
1.0374849813603872
1.0394710339414859
0.5389870226733123
0.7784249584981774
1.2480469778986936
1.1593654201964836
0.8477803679394452
0.7162984344748392
0.7078712058569417
0.9719172897061362
0.8181246045509817
1.05360695098384
1.1103537617030983
1.0451908887034742
1.1143073002973587
1.1405479563884757
1.2576065248737733
0.9976836500133665
0.5888009668913406
1.113584889873524
-0.7723522977644475
-1.2073134010215467
-0.7796459972396774
-0.48311460184575267
-0.3970828227072443
-0.08976067675468244
0.46322642190957475
-0.035609690841723884
0.8572784697078096
0.8149528618527399
1.1166058041205749
1.2661920827346371
1.349452019389235
1.224901971748527
0.47312717093059076
0.5803372915363045
-0.27899786938122373
-1.150998921152138
-2.982399879645929
-2.4700800687028632
-1.0030143496080108
-1.840096160436246
-3.378671510071147
-1.8006830949999122
-1.2092924852892009
-1.6847131619614073
-3.15179932296469
-2.542136377018824
-1.66631465196942
-0.7801992172790458
-0.23069234346581083
-0.13637363730290714
-0.09205781417976558
-0.4265280254020861
-0.713496669008093
-0.19664733418799565
0.3099441428714417
0.5520116318299347
0.7913142966538539
0.7448222557550105
0.915921759553555
0.8059432005290602
0.8328717436102716
0.3646197751429613
0.557128401872137
-0.20016694538700747
0.2193998189044758
0.4630569764183019
0.19944446009095318
0.5001572106136875
0.6471420826894784
0.7705273488222738
0.3798898577983524
1.2009859263091291
0.7966727721962671
0.8417814752278289
0.2008485368491587
0.49259812076159915
0.24301150025284757
0.13994804138741196
0.08521925644720652
-1.6117909777714683
-1.0560156049487306
-1.2466052863990176
-2.366598078424083
-1.2065454738101922
-0.7195885960949568
-0.4912308365419709
-2.4354401325573853
-1.0213939187054653
-0.8985943705462878
-2.4486465514102913
-0.7198416792050639
-0.27371610059913204
-0.4990311870371462
-0.3912333586082962
-1.1000843672529492
-0.9697366706747744
0.050173336579403205
-0.5634033734195707
-1.0751682954737607
-1.8541464799732204
-1.4410174527529924
-1.5741869214075912
-0.5674010060161334
-2.5712780754025157
-1.2481527240442403
-1.4434288594252673
-1.718309122061822
-0.12182347872638782
0.8559943705430303
0.9140348936102239
1.0958325940856022
0.8929705033082144
0.6825149352264004
-0.15158977347202612
-0.844316084486631
-0.6540003423411335
0.2596060868508373
0.9379490888438261
0.7680139165083565
-0.6395414252243207
-0.576248302369048
0.3391560198160931
0.6782073890945276
0.9192569567983208
0.872712737170707
0.9339409493021865
1.1340502926745506
0.745391646661491
1.222212429594459
0.8204044667409339
0.8704194426604878
0.78199753138794
0.9081821688289179
-0.7579929991091064
-0.004342023675375284
0.6374707413749295
0.8814204575020409
0.46765148614521734
-0.5211514783695148
-2.955864524465958
-3.005046323535722
-1.2446013169677292
-0.4739021848724506
-0.10609399821296639
0.19434761360513453
-0.20757725186967757
-0.12337111939316256
-0.4025350866077012
-0.28279505080453526
-0.42027989072962546
0.02617657519520944
0.5728929286005124
0.4062581042010559
-0.04369490249873187
0.4500614135986868
0.8331248675895396
0.40542900766835466
0.5022254996897518
-0.5960515257724527
-0.6723628817099363
-1.3969167292326654
-1.9877737661733388
-2.6102544469190723
-1.0244609715766595
-1.6454898891097987
-0.6685553317226586
0.2592174292283932
0.5982707434500062
0.6331230952610933
0.3941498996759035
0.4136107597516543
0.06515226808435537
0.44102532260787186
0.7485684365917981
0.42340681241041866
-0.9080456271236844
-0.6937417731335138
-0.05441628192779746
-0.25730879376373106
-1.8029645861224424
-0.872145796450694
-0.89472623429271
-0.5126536608577139
0.36183655566753237
0.9812196966780536
0.7764348395927728
0.47983570105708895
-0.26198430061870326
-0.5814277903666284
0.2605071545600347
0.33722632337137226
-2.2440979569681425
-0.5254438779290979
-0.10324170861387233
-0.6775147528778908
0.20554146352247926
0.29764534616883076
-1.3853559356082612
-2.1671186140943948
-3.3884713576964547
-2.603809366200609
-1.0917724821258756
-1.0603998037260227
-1.3616932939921016
-0.8820579834463935
-0.4622350005432699
-0.30594228705854504
-0.5544524923956038
-0.18444449262785165
-0.8315705641402471
-0.014679878851206807
0.07063866050915202
0.29227297730391355
0.2117430689600558
0.15537144270883874
-0.3258621281783767
-0.2766345190194656
-0.2741331501628743
-1.3807550414952838
-0.5893747476734277
-0.5205621509955081
-0.871413715928601
-0.19195686772485782
-0.8225065112775002
-0.8621672382266182
-0.35587757280994287
0.43645023548501793
0.6845688834378164
0.6566855427520457
0.4839412183488264
0.69413431454195
0.186286020793069
-0.3116963186656267
-0.3719917892752084
-0.40081770290648455
-0.829581549363334
-0.13314419493870341
0.12615691226884795
0.1440302678650236
-0.600812222887771
-0.7032638625893973
-2.8682074748715642
-4.133217676837989
-3.5912003925108023
-3.5250321457298313
-2.804251420330696
