0.47743404427261427
0.30774781334802037
0.17402027860696895
0.20616127936286302
0.4043729323039936
0.3494784569053075
0.07479403261113098
0.19332927343870845
0.1961895417287181
0.2952078744366351
-0.49143451509379976
-0.5536004450396873
-0.08676418713553247
-0.04507746591649338
-0.09777325643847637
0.21819958635146794
0.2828049427580014
0.41681835561770525
0.4136033859640273
0.6536743151231521
0.6841185187028048
0.6728106413190239
0.8573587292618474
0.818323464269422
0.9443117846937668
0.8593880490374423
0.9603125411359171
0.6064593313794129
0.4523030927456468
0.42220622821101494
0.3050462424630092
0.6217810077632384
0.530200312769181
0.5874860556483803
0.47338664970141686
0.20242188593606528
0.483725252342479
0.3856920432446503
0.40962862598353433
0.6991300373394017
0.6722508055582491
0.9787231913769807
0.7784085914224778
0.47234605063351776
0.46144750286128555
0.2805272835054367
0.5101725655260885
0.6260604468442938
0.5761472681685227
0.4550654305863369
0.3765496557443047
0.12517494255780853
0.1301464560348162
0.47684770919327235
0.19917588213028503
0.29973243886202006
0.3326726691675038
0.05544718041451972
0.7557733415755616
0.7562250920422792
0.744831848946731
0.1574156402751683
0.05384635293554957
0.14986201675318522
0.23236710652917175
0.05745032502113909
0.09219378048036071
-0.19707733473681804
-0.2958521920139601
-0.2195485252954387
0.1174764523963722
-0.22368208911613416
0.03168934679368042
0.14541990845298006
0.549345289374852
-0.11560161187436697
0.3650286254143606
0.5746046634753031
0.7782889481199625
0.6611225664629439
0.7089590206802976
0.7359796353409386
0.8987547064102561
0.4815553808299607
0.8806426773174459
0.9530883113420587
1.1147121246491327
1.1725751682811925
1.081912460901499
1.054562513217073
1.0937188604127825
0.8438543477226762
0.8014877372906305
1.0319059472970777
0.6027984161517719
0.33965584701254187
0.540441358405253
0.728395859393543
0.7795742423472154
0.7711800734638655
0.9787780059923217
0.9002007980612107
0.946274714512025
0.86361463080989
0.9018802093309402
1.0629707089898734
1.4418708117066505
1.4071036315042806
1.323140212922715
1.062805761288171
0.928282712315974
0.8387995564644093
1.204048692170098
0.1713448376489273
-0.009030026843855388
-0.2484798232175595
-0.2637577154077706
-0.10145297199331667
0.15445336442731622
0.20380392655735222
0.24948058669612405
0.04968707764164175
-0.09519397541086812
0.24004867939227414
0.0551623219584385
0.07665106593278924
0.3858939591461401
0.5616966977371787
0.5488062245216888
0.3636567292084277
0.9143418788513384
1.1119381879463783
1.3518405971674379
1.088868257524182
1.3230512697035985
1.1681991730117443
1.0187379203329636
0.7340210796170022
1.1010985848164268
0.647316875460286
0.9495317907639559
-0.9175959440248479
-1.390699484944068
0.17627489143503414
0.6038382830545024
-1.1811419390037012
0.5352787286148152
0.203563678994263
0.7165104319625948
-2.4127485934119286
-2.966773320807144
-1.6486813366448687
-0.7292064398605391
-1.9076741311426506
-1.7325053229475265
-2.441094104773835
-1.9434970692399978
-1.940409595728774
-1.5816968302019028
-2.100002325927743
-2.9619441940850098
-1.6777489064716289
-0.846701460306322
-0.171596669673323
-0.16884652275784245
0.3304193189347747
0.7615206782436046
0.6593285510706486
0.6983904304037731
0.7311268717338929
0.9718266960220049
0.6564339913722975
0.2751383540096287
0.956519582595124
1.101544225429613
1.0066389223435006
1.058468374701105
1.315154444863107
0.5571951974865218
0.9795671455633694
0.6052132221768045
0.8451141886724667
0.9542723674930327
-0.02280730540136747
0.8209789959232223
0.9580928378669145
0.9121599937643915
0.09419132081230588
0.5112428066823784
0.4249295382615487
0.45970467145063815
0.8772096784046183
0.7692157903711143
0.40284439831412766
0.48833975470260327
0.29971295528554126
0.1993415181418101
0.285972752372016
-0.7502114760638344
0.040849913423140524
-0.2604676584551287
0.11759529767384544
0.1457254387319493
-0.3107136301270123
-0.23942946813910507
-0.011971526255004406
-0.3930832786824594
-0.29223338074793137
-0.5720937387212063
-0.8143833193336398
-3.0065282446398207
-1.295080770562939
-0.4425115070302045
-0.20563930763431848
-0.37254144929467325
0.15767752265153392
0.2602880949832404
0.43945957055903906
0.8553701695900429
0.6922235884128847
0.7159811129812798
0.627121819995111
-0.09776542654051602
-2.224375968730547
-0.8717070703556864
0.277437541941625
-0.13815274458662602
0.776898153525417
0.5335906218906568
0.2769569438545228
-0.062300858241734786
-1.2844951490312222
-1.9182561468489796
-1.6809468632287974
-1.1337183043627403
-0.6250319953818517
-0.5504366778024741
-0.33750517822180803
-0.024686945972442788
0.17173844557397863
0.23806009610403273
0.3958796136068318
-0.5556887317836415
-2.0942868410924134
-2.0159144529589135
-1.595905415453968
-1.162545441070751
-0.609282753197124
-0.9007171898417968
-0.10065300779276194
0.26233809030032634
0.45582205008562077
0.1682938573659482
0.255704305280078
-0.9958517443968796
-0.25442901079214847
0.2613774887468347
0.611717635244172
-0.44057743749236133
0.12407785894532494
0.12965185203273574
0.4067831635268819
0.8505490554622498
0.36912066017567235
0.17783845688360547
0.8083671169480614
1.1497458639807734
0.3509628691152549
0.3688499234093712
-0.4878507304693717
0.19271686047337241
-0.4533359681703328
-0.03345525246808342
-0.14699729121036084
-0.11389852054982293
-0.7359957349381314
0.008303653465712407
-0.6178790477909747
-1.1107935619682896
-1.142556254425011
-0.5912808135983146
-1.0833304329366686
-0.8650870242402335
-1.0832106411950102
-0.6742578093372199
-1.1341813825470157
-0.4166101078469087
0.006491073127953862
0.05774582713241613
-1.319039183283486
-0.2603755341220978
-0.6837486024832882
-0.054055745183519036
0.5290465797632691
0.07665777722042046
0.2359020978407777
0.28671040575590484
0.5734727360647551
0.7846244630701281
0.6959536286477462
0.26910763019237327
0.558640339718558
-0.11347472588035211
-0.8782928742022371
-1.8041435857294796
-2.7399727110804966
-1.0721020968460377
-2.46689858962061
-0.4421501365567116
-2.450620629262877
-1.4938733544688472
-0.5731666000701254
-0.60854485552248
-0.17314387209936502
0.28076077708760366
0.2142702670560797
0.5290617410762117
0.7762996128385329
0.4755293586656916
0.2259293012937661
0.300025865714674
0.5090230750289576
0.7507163836294507
0.8614480615072354
0.8564756232381369
0.2809414710837668
-2.3942648540402303
-0.4642096413342112
0.43132968075775224
-2.57256586732313
-0.30155469659974793
-0.12875675850377527
-0.05748970817759051
0.3634077339807896
-0.22215703097303385
-0.07234917747571513
-0.026889234052283422
0.5530025866162266
0.6416349729662023
0.2875292510007525
0.31690760806365154
0.02729623006288897
0.5120415991777909
0.79918714228594
0.3584248381843128
0.6957844411389101
0.5865241709961391
0.3597026009817685
0.19701673735090952
0.05808088185021702
0.2573849879702938
0.29455938705159995
0.440376789985281
0.6887394717828806
-0.48617824845290886
-0.3047651656844776
0.24258178567262384
-0.26566626041927527
-0.11821846813890605
0.9414066231827106
1.0315003570161334
-0.4204203106429999
0.027152171428657182
0.5176464135696768
-0.023660176935776413
0.4462321410773183
0.5039676959510739
0.23437097172250132
-0.026696161051720853
0.5300040808501845
1.6187952971594912
0.4735387585044637
0.40625604808023885
0.6480850791433512
0.4586716660680723
0.873489382349417
0.6822740927920832
1.2197066202318532
1.0260431998347104
0.2636778483917899
-0.2607797913511158
0.21328571443776187
0.452962628195267
0.76779164566843
0.6744743253202836
0.1333027723708371
0.6167000946629068
1.1169606470163878
0.5367674760954585
0.7478215728517068
0.8021857580537523
0.43583709173470797
0.4241642840580139
0.47945342932674734
0.6874998345915264
-0.19789567774551226
0.2652602627679102
0.46417160610562547
0.8509797366618802
0.46847831048446303
0.06505910648497228
-0.37825535043040753
-0.32623972501397386
0.09014428928906605
0.5680152272867444
-0.28822004672623713
0.023431084459256
0.0183339123512611
-0.43664964838062315
-1.6308374346058134
-1.2682235610350334
-0.48961964925763385
-0.060003077656700085
0.17012027494995188
-0.20375580554528083
-0.6214761088918327
-0.46122994545404794
-0.154813909614881
-0.08826352227363275
-1.8353982476554096
-0.5708746037394833
0.1976031664848575
-0.11517871773491521
-1.5782447486930877
-1.1647044231004102
-1.406029638707146
-0.7068389547505957
-0.6752230626384788
-0.7681112083270312
-1.5059951826254716
-1.8155175919440527
-2.203232680314187
-1.225364860380309
-0.7801375538833093
-0.32994913580707397
-0.09532855945358627
-0.4552839876423519
-0.33864151206974247
-1.1689436712717018
-0.8033970760048812
-0.18590034415897935
-0.7743795194498292
-0.4137954445770108
-0.2755178055168196
-0.141581125446931
0.3369181971129625
0.03874355605732395
-0.7467806923382678
-0.2689818149928121
0.20160894846756586
0.6063515500519578
0.7100715051475692
0.7889732678362962
0.5478764279461409
0.5548008846761814
0.49055991962144335
0.21401421485439662
0.724783558837459
0.43863078583141396
0.3314727933444952
-0.7484753032739762
-1.978012287932998
-1.3953733243390913
-1.5314158401456925
-1.723581494360209
-0.8421510411885498
-0.12323972501290922
-0.8422947920003127
-0.5833100769528919
-0.7795307717153809
-0.6451329927690376
-2.088881126527163
-1.4681930925438411
-0.8610704680132881
-0.2368006085730134
-0.4455847327217572
-1.7059304697461033
-1.1830323655600499
-1.091272701995899
-2.16962999140479
-1.9873620198829869
-1.5220387065545433
-2.3499059884902747
-2.448446521962814
-1.5858378911163826
-0.014321578317906977
0.15527750576614524
-0.20082598970418353
-0.36229774396022607
0.06540294451776053
-0.6217811135087193
-0.09351689445639486
0.46816078506153697
0.38684633302171134
0.35600669759753983
0.6143444630899331
0.4583614425817897
0.34821018934904846
0.45142618386743044
0.39527440412256853
0.44097022418603093
-0.346102458945669
-2.260706288005528
-1.1226884105410728
-0.9185308847875956
-0.23937831696374867
-0.17228474095745439
-1.06356398838233
-0.9748021393960702
0.027195064530227027
-0.4955238218553564
0.21895370820016696
0.5758905323221887
-0.49923096889622326
0.8026198481538577
0.8852528137682476
1.0115840957355602
1.18460330473606
1.1851051914139263
1.0802662559306169
0.826149914461431
0.989796123297165
0.3502629132087341
-0.3540478464348475
-1.7102456105134893
-0.7912393042141129
0.08960061031817422
0.652370356346957
-2.117483227488758
-0.7107936442377912
-0.3881512744905256
-0.006598784427444741
0.4588132581912203
0.11677910398622883
-1.9975474441489212
-2.5156325303864575
-0.7812732685929811
-1.680941586719532
-1.3267870970969264
-2.328108947691783
-3.2746817727648083
-1.0192333543490635
-0.40344267360821745
-1.162719788258103
-0.252772494710466
0.4664152310164331
0.3601728404286246
-0.07555863618446379
0.5789068991129237
0.3052599202316699
-1.3584163901880555
-0.2521118869445728
-0.19008616985596133
-0.3488345811569672
-0.44575237084193936
-2.1879201171259943
-2.6185860846746634
-1.6974998788897382
-0.8016531787963911
-0.5474959118661308
-0.3647050399001149
-0.28406074144941107
-2.2484176503538755
-1.1625284993966671
-0.568010387159739
-0.1903250719599946
0.27739847630107334
0.39481888864264264
-0.3796656051514564
-0.8948100180795595
-0.7844591040392136
0.05135099357267005
0.7014335857799338
0.26582560253970877
0.5806711243837881
-0.2564677063232625
0.10700670106404644
0.24722462427671923
0.23076795829449853
-0.05054063628061742
-0.28336595473660053
-1.6493502213451239
-1.8255008944538644
-2.784484477520874
-1.9405165106186704
-1.6412965415570442
-0.8913919702286748
-1.8523894753572565
-2.1900694866151826
-1.484622373954476
-1.7185992235714296
-2.173275098057011
-2.1896773831604914
-2.065358145250592
-1.7859262012676773
-0.2927578874164722
-1.0402069537759717
-0.5568027326580747
-0.3821438318205816
-1.2655940985940006
0.3008459154151041
-0.04083437806597735
0.26687443301068176
0.8886820209319447
0.7982649452634796
0.10429725773708362
-0.44464837956735237
-1.0125092259744413
-0.5270747468691886
0.0224222623171791
0.3638159910707878
0.12752495460637928
-0.560564676989741
-1.154665960530125
-2.277029799662503
-1.0445569149930212
-1.0371057595342663
-1.194278824310056
-0.8144422617215522
-1.6033742571930054
-2.2654185580004627
-2.561434575060661
-1.2670925545201388
-0.733011664183728
-1.0528801771085432
-1.9151365252446417
-1.1537860114667944
-2.110217282156108
-2.0262342581753856
-2.2890289817728906
-1.4872401559091255
-1.238062358174336
-1.9711553732912084
-1.6774878184850863
-1.925789887515219
-0.954955074480649
-0.07851424403915784
0.3239887062524046
0.2507200500243297
0.19551818039879584
0.3748443215914799
0.20361299114936582
0.24045636168902138
0.22985961566490615
-0.8884458686901426
-2.9282193023118332
-1.3925129010483426
-0.4800507654274164
-0.792166257940615
-0.6942814431334564
-0.5331135774119653
-0.5025848609757364
-0.6995818481290808
-1.1314552812553795
-1.4830683606369688
-2.2223168208844153
-2.8211402252484077
-2.452640213278957
-1.7515618306453427
-0.9738823465049661
-0.8105540986040579
-0.26872153649464303
0.19441434409481312
-0.09086407507147898
0.381103583826331
-0.78465450257958
-0.10734050981639569
-0.3632115411260927
0.33724558216728895
-0.01067934769267033
0.5443378062045275
-0.13018717452469739
0.37547127658687246
0.5403611961674945
-0.042185125607190226
0.20877563500886867
0.3878754703564658
0.40083372366578446
-0.4416149081205178
-0.09191605147110223
0.19069829572540384
0.296260768929707
0.3583542360256424
0.3575117514597498
0.2665858957126888
-0.2597421259513024
-0.28465150573723913
-0.23196418094886861
-0.1114885459482181
0.015537127196243014
0.44255843240164633
0.5303473346424981
-0.2493359875612617
-0.5106509835727563
-1.9280447421581854
0.12514213136259303
-0.6676204671449697
0.19137100025636294
0.17237051541836373
0.1449818142956947
-0.538973577230116
-0.8615465619299749
-0.8984685069741309
-0.22694240903171664
-0.4928294700101019
-0.11515859300639394
0.20405417560086125
0.4065136421181589
0.5322958263759312
0.31469878817281227
0.34157411469581744
0.00855991961073938
0.220778983924618
-0.004063263938755141
0.360210151760085
0.26098220994363835
0.47090943601493873
0.1679595616425801
-0.20827980929786835
0.2042895816114222
0.2625893683546994
0.1784541303304892
0.052735242491701036
-0.07754204149237695
0.3194864271069793
-0.2593276897696074
0.025032607100560874
0.3070165096134907
0.13178426518988479
-0.9027983731362208
-0.47379779543596584
-0.41311827257724665
-0.18337040434245278
-0.11947432691033666
-0.05253806296944995
-0.1771307953867464
0.024401268793718175
-0.05807304762222853
-0.6403774140484394
-0.3851215895480177
-0.20699830058458335
-1.3518197548116362
-0.3543330988382139
0.45870269956678605
0.3819585716578784
-0.3544451182571595
-0.6388609161728974
-1.095310486046835
-0.6723391717520475
-0.22667043196478157
0.06951885647485402
-0.17594635191544475
0.02926887511462314
-0.6317479028732859
-2.618723332584314
-1.5023391451052908
-0.6015435695654429
0.06332688079146993
-0.0037146313301745473
0.32587129903992507
-0.0030015160136331715
-0.3845660511196727
-0.2969715851944183
-0.20638924204603684
0.08776079251947828
0.023806651277391327
-0.7849890450823116
-1.3441679314615345
-0.4104660479299707
-0.5337583394743814
0.028146468060060013
0.02813434441895436
-0.414408604127112
-0.19489063361586548
-0.4503517521702176
-2.1584934284143045
-2.1852372565861438
-1.5769688052973758
-0.2474568844153053
-0.11712893414306612
-0.5323753123493052
0.17683082422334817
0.4147665509334301
0.5191663456101004
0.12815423224792488
-0.6242907386658123
-0.6559709411130656
-0.3311019858483402
-0.7860292134327695
-2.4701025183095657
-1.3492327766485523
-1.1568090432656855
-0.9668871910450889
-1.7204977147541791
-2.2292454348709363
-1.884308353979614
-1.7993066935393576
-1.9762197675231237
-1.02327921794602
-0.21314031224798155
0.2901251787982976
0.26154394519087554
0.48949911164893717
0.14190244813559932
0.18499348225176215
-0.8014420615298979
-0.6460316534983013
-0.3274719987056301
-0.007708292220936855
-0.3388878512352673
-2.0581526849541993
-0.9013297327093728
-0.3624609465372816
0.2397422133163615
0.45807024009643016
0.4064090418714333
0.23963588572212838
0.5103479132726959
0.6380880819714267
0.7240619167340571
0.7176840083909826
0.4195593600926486
0.6155919479262888
0.7611732227977309
0.7578553732248373
-0.21803331931235273
0.2654824752936822
0.3767913989847404
0.32058320847055266
0.31859091596386735
0.19764258038319954
0.0018998046734728584
0.592520510746512
0.4128585782235263
-0.0691378107248755
0.38978006054713266
-0.35407828102062633
0.07846607715389267
-0.058980200172216384
-0.26076352034924655
0.3641374785418784
0.5087420197630913
0.7141513605461267
0.06985488024795142
-0.6677058687755894
-0.23513154878539055
-0.639322551875344
-2.2817758060984077
-2.3258023730891813
-1.1369883137318573
-1.2950247543643987
-2.0052013591080255
-2.8825175597826647
-1.0431234415620532
-0.3531848912856918
-0.481281191190006
0.1670125768584703
0.4683562140653792
0.37242664112783486
0.45231267240427997
-0.695146307756243
-0.7446290918594464
-0.18425786297126612
0.07288975839993436
-0.3804513765170303
-0.14430094920562447
-0.473285691305144
0.30453497385338674
0.11500085923555421
-0.7097016408546437
-1.9432172726751529
-0.919814564412946
0.3681990827264968
0.05688377228504703
0.21745672671653782
0.4115114256321003
0.6842955460385141
0.14313792078996945
-1.413492595601189
-0.6147168388607455
-0.08515412754585765
-1.4167811446391847
-0.26888998241435114
0.10817636108102786
-0.22539509759397985
0.27824102979695214
0.05768655436529787
0.11848028703595262
0.17124573805314341
0.43878620102848725
0.24765142317419173
-0.04180011039416061
0.46298807697952554
-0.15675764988016958
0.017008390871464964
-0.024054627947185256
0.027449737988732546
0.09879667709918166
-1.7741235086260692
-2.7851165353113543
-2.364725893366438
-1.3091265672003811
-1.4221243621237782
-0.11153110678167147
-0.47302634486646644
0.16387631531228128
-0.22853445955103716
0.27779108205542
-0.16502627927897903
0.15558244004535465
-0.1769188615345162
-0.021814128627394454
-0.9929169671589356
-0.5780591904339779
-0.4419397810479875
-1.3212712894462655
-1.8152749578661518
-0.9762323653485174
-0.45935526718271896
-0.7075212022530362
-0.6016561321043365
-2.2291258954926794
-2.302290132647019
-1.2291225879384882
-0.35650994508987655
-0.2777888218551655
-0.002408125844321929
-0.4424838494364325
-0.36307429348859
-0.2896945566887324
0.01836059420272218
0.114430912074475
0.05463611695217546
-1.3738313770167527
-0.5879736723351732
0.361755876291904
0.1260444264151
0.32565746172716714
-0.17857897152342858
-0.4496718943689453
-0.5602701720552691
-0.8049501787598308
-0.5985618776723323
-0.44775581440110834
-0.31676668262065594
-0.7740642735742439
-0.4452281695475418
-0.41185369481418926
0.17244768376443073
0.7334906890907088
0.7323660951725436
0.7597146333758267
0.6352303162015447
0.8376537771814175
0.351873056188951
0.03640837403349695
0.18024042268984772
-0.11559264659106162
-0.6935905255148217
0.0092584818611161
-0.06146504493478676
0.22249145154733904
0.46333336801444064
0.558063847740155
-1.4841854901255107
-1.6325583362745577
-0.11895235549250556
-1.0389573065714084
-1.392108092848218
-0.8056692350931984
-0.9882879764935674
-0.7462383384066231
-0.24780352510118286
-0.23581588361439326
-0.07150649304687498
-0.4225341062633318
-0.6935871553312419
-0.26733074839104193
-1.9664653096633555
-2.4775852424500964
-1.6723463644370762
-0.380137819172134
0.2521107387927643
0.1268212050213087
0.23873837547930485
0.37689576274674613
0.6097226387288057
0.45942542593626623
-0.25701672500495626
-1.7910961962727383
-0.43294952694140143
0.4112261038892994
0.1760794531622632
-0.06404267238320262
-0.8219214243192143
-0.35973113563583675
-0.24051772300295293
0.16710800815534937
0.2686290921544382
0.07456701174263713
0.42250424233958694
0.34482239937092807
0.23936909110577673
-0.2494982164119301
-0.25151061684718035
-0.22357967407006324
-0.44596517022752064
-0.13916181042889983
0.5150892375275752
0.7830572169875338
0.2056541937742646
0.6234218411566046
0.8814313349650599
1.2348934798211735
0.8467533811106124
0.9781126545340006
1.1261235985977767
-0.48114081267407416
0.5259520206648255
0.5655854738796829
0.5052886226227875
0.4746572047494994
0.2191554617262669
0.6967217691175257
0.42476426362773245
-0.041746668026585436
-0.3868874483031887
0.04897413371937724
-2.229234409426084
-1.2516782564154396
-0.27917926782485525
-0.11489128647390587
0.25705245213296324
0.3945474491443454
0.6980428948742814
-0.884441896802931
-2.2317885502676607
-0.7109120031970712
-1.7796048118546697
-1.4781143025760224
-0.43322716399998296
0.43656732406519067
0.8292857310377697
0.5234654451593941
0.26440580622093135
-0.6170788527478164
-0.08307320536216711
0.23600497139414928
0.24420124186985337
0.06539623015406998
0.5424592114040181
0.725778277009015
0.3343067205616901
-0.20788610308466568
0.27059743812880876
-1.279942511857038
-0.046866955942271096
0.16566696295220545
-0.32677025645133767
-0.6298751242717213
0.37632363465736984
0.28120272591606205
0.2618839662084186
-0.7858035401694556
-1.1669614085980002
0.34330895119722693
0.723184665178083
-0.44703594576544986
-0.39349576615666654
0.1728776311565256
0.5457512538692401
0.9058690697548814
0.5124457252581042
-0.5199937184834239
-0.5167772782821477
-0.35360277961000935
-0.2543217140993874
-1.7819716309578542
-0.4477287265164039
-0.4317493913237105
0.1324769726465714
0.04257801172386333
-0.33761474909500666
-0.7757458257943718
-0.22556112149571989
0.5367146141501825
0.7068932344483825
0.5532885357581622
0.7604421387801434
0.8251470949497116
-0.3124409844421667
0.3356499879112965
-0.5641002242649303
0.11670896945267585
-0.6883625943153792
0.7773513286128534
0.6482506674347511
-0.4280915477658972
0.116500968188432
0.19716373124720613
-0.29585355656577594
-0.006719987963155296
-0.7009417421239719
0.5624200930013753
0.9142186446429699
-0.10508187081203868
-0.7569645143915651
-0.8110585480117943
-0.8640483932774418
-0.5563748856930464
-0.6680756818892037
-0.07874489822492287
0.03404407513992873
0.10941811043085527
-0.08120735152089709
-0.09261210494414059
-0.4857535672841108
0.22786003226134896
-0.04740663424194522
-0.46292227469094305
0.295567055983926
-0.19789832020116271
0.4211697470517339
-0.1362568544747653
0.6005330984837308
-0.5513248394231246
-0.5171347798774631
-0.17325150429010894
-0.26708909773617573
-0.24094690249153577
-0.48405267154848053
-0.47783954906649145
-0.08293566035317211
0.22184087049147752
0.4179677990102943
0.3921264104207796
0.7109787762655303
0.5190522780228054
0.5167833400485923
0.6051407116658862
0.9567741724810581
0.5404634121287935
0.7006505585926087
-0.9154208952688321
-0.07055591885249966
-0.5459101569169911
-0.41365342189218013
0.08732983614181106
0.15653703173802114
0.03384253132255598
-0.5515644099644481
-1.1612564198007624
-0.49430896013137077
-0.07323115621290417
-0.24328047124617896
0.13824785856647517
0.3704938219385971
-0.39294261862965096
-0.35255721538402374
-0.31595092442833284
0.20887875252830218
0.041963446596319114
0.252041129599243
0.25721430667182704
1.1196188349392138
0.8764283497938262
1.01779543227441
1.0375801057655858
-0.3993279052971948
-0.17318637817717866
-0.5491143162110912
-0.29835474539595597
-0.346343601696723
-0.06538262169524982
0.3721485003776095
0.983725802050531
0.949029223807999
1.0362520913499045
1.2985343825295628
0.45943564223830696
0.913126955094797
0.922242034719168
0.9094334437017886
0.5950171989441198
0.7888840646859425
0.2764300672294665
0.2708230595654275
0.6207032051218501
-0.3856901982310301
-0.12898297645981505
0.34270506713051124
-0.649623286632329
-0.2943271957927068
-0.39869695717014686
-0.1951884545149862
-0.6302308908300883
0.14317276730804765
0.18417377776899949
0.17687418294803273
0.336454818424404
-0.20144421883696487
-0.18918622596247112
0.2297446868084511
-0.11028499042337264
-1.4836281936908566
-1.7215013699852681
-0.9927226232811952
-0.6149354898909045
-0.4850616132453737
-0.25007183736027616
-0.1923375848221337
-0.10154144698175727
-0.16597499903739737
-0.15566477711591215
0.052415791661844374
0.350116263988834
0.5057710226952352
0.33339643814526704
-0.0680829815379403
-0.03260912487107708
-0.1572426738743295
0.10093201644616503
-0.4206636502137469
0.45375676260048287
0.5397034083847261
0.5193384622179605
0.8100207567959875
0.5850131550228597
0.4776430127098519
0.4997685475567582
0.44027589130409006
0.6017874346813153
0.9401324093910624
0.31602014760494324
0.4636353633865354
0.5946587461658378
0.37496068563880836
-0.3969954619569406
-0.3486213461341392
-0.039176549891026334
-0.6965322322263281
-0.11514337884596242
-0.18426229070389444
-1.3856814176040653
-0.9004648604252157
-2.0113039197247997
-1.8797694037875277
-1.9175415290725832
-2.2402096832617584
-1.6978205557928852
-0.5469901608049954
0.29496714093259047
0.1788273421253792
0.3841993272034182
0.3019875051908185
0.3223447646567024
0.543075604079305
0.6547761899611487
0.4128152776724243
0.28460799887694643
0.24781690519190738
-0.27662895530423665
-0.13836700987924397
-0.4189028353938618
-0.446401458082681
-0.01573071049304516
0.28330406537572056
0.19339220108601501
-0.7210181206681983
-0.407304845582027
-0.2277555089494413
0.09661400709268762
0.2772541781459914
0.4094808829488869
0.3992746778687343
0.3303666412491447
0.09208507113393712
0.4360747494566275
0.3299709619645805
-0.16839362072457387
0.24271315570530652
0.28579640195916906
-0.5603885390279061
-0.133226750736708
-0.5299515706105212
-0.1406513609693763
-0.6775322495209066
-0.4866566753581993
-0.28257456575876294
-0.6231913073704854
-0.32217190820290736
-1.3402399449755318
-2.2293327649464603
-1.4229487537057897
-2.021895112423337
-1.6842827184701825
-1.4027998864400244
-2.6724768678990993
-2.6510189661430483
-2.7513373313095255
-2.97206957199848
-2.003346191520108
-0.5056256185846663
0.05902696383794846
-1.4553555934676343
-0.42378920992029406
-1.7254097196742593
-2.2385467796561267
-0.94098454794268
-2.364690640893532
-1.4435242497004699
-1.1156532057490327
-0.10098345372851673
-0.6136177516283849
-1.1685815738881005
-1.0965403337673
-1.6260931319334369
-1.7489414478885035
-1.3560673277510444
-0.6363898499270524
-0.9758603335572292
-0.48660642780818386
0.042776411167642144
0.05017433770769072
-0.19127226817868911
0.2687070255066894
0.6422748072163494
0.6778655539991579
-0.028136273815972078
0.04950813642538819
-0.337518858394038
-0.2570606478449106
-0.037714955399243584
-0.13284425405667907
-1.8033096263136847
-2.0245494312432353
-0.9215461479481271
-0.40228428024545937
-0.6642607559092609
-0.49282564377234556
0.2554737076215849
0.31661869496757383
0.3557056545707325
0.6450391911883766
0.2560474548342545
-0.7672972902057725
-1.462386984518286
-0.31703171431839683
0.053850755113366726
-0.9667068988880138
-0.5038860599444133
-1.0503152354914604
-2.1887912357126216
-2.5008744496612607
-1.3607503160951755
-1.2413369814291721
-1.2061902641979978
-1.0631661634007128
-0.5083914834324865
-0.17954769360832232
-0.07120924259518654
-0.5270981276334015
-0.6663016969598765
-1.4241748847175417
-0.619450018544737
-1.036740128522578
0.01863075271793958
-0.18703874748623855
-0.8876240650982687
0.18907420231818842
-1.2017992019399308
0.07924424369982282
0.5179051558203475
-0.9612634791720015
-1.025402069618494
-0.514887267471123
-0.16694094454402916
-0.6888312849077145
-1.8385051596924407
-1.076958350350324
-0.5371452501392157
-0.8663298131824313
-0.9083342320870084
-0.49804201379572954
-1.4056833151501713
-2.247675938870519
-2.6396703926688114
-0.5426593046966266
0.19720984805955027
0.4232340163752441
0.7978291977000969
0.07842134019500124
-1.2703237370471474
-2.7880834163322428
-2.262181953156074
-3.085962558038879
-1.3006065123418857
-1.3698156700816893
-1.0310119005679825
-1.3224636895299944
-0.9094268734237348
-1.803373395235431
-0.6735552186011694
-2.0910543747691075
-1.6134228712826706
0.07739778252432129
0.40320858591428027
-0.05485308384446201
-0.28955286405823083
0.11458970566495044
-0.8280287420352586
-0.23261652603355665
0.0044859932805213654
-0.9282273247829577
-1.047959419050735
-1.3215482582270133
-2.6729496563346173
-2.5085196725291605
-2.469836040789931
-2.3938627822567353
-2.015315462024714
-0.9664758938891636
-0.5513554800555527
-0.27712042761520395
-0.9049914195687948
-0.3752186848291592
0.27045105819275983
-0.18285306292254402
-1.3269672936997745
-1.6136758334352872
-2.0955007770439154
-2.542770750465399
-1.6007592181918067
-1.7583716404606842
-2.7037194083450515
-1.825980953912046
-2.587635690908717
-2.37727913292334
-2.434184840904828
-2.1086741019939224
-1.7561774199912814
-1.7520404879851734
-2.3586356727156548
-1.9973861360513465
-1.4605831017048134
-1.1361408644747595
-0.8899645859588146
-0.8758949232758441
-2.0089214309933205
0.03134950552288375
-0.25360130745687737
-0.004961248901644767
0.201979112972184
-0.08316601797630108
0.3172105439272775
0.5793773891758737
-0.2561695124418855
0.36340281773519895
0.7679992096082708
0.7448046812447939
1.0761660840727694
1.2164477335158232
1.043675188546052
0.6677060955919405
0.7382107622890054
-0.39031659265151974
0.26495660973528085
-0.5506019320599098
0.4354174566484404
-0.21583165324067005
0.10590589367495024
0.411300976266724
0.7583503380411315
0.6173923069771349
0.1016591552373236
-0.04896322232215142
-0.8950191153288864
-0.17572946213639018
0.4525081725393392
-0.07511058331067472
0.1923486469735945
-0.2715504492320848
0.4126014482396454
0.6483004864946933
0.532166413200805
0.3888831527588552
0.6318304679952708
0.6684346145911544
0.6943851970960522
0.46430332191835266
0.6909175465014838
0.5331212714424789
0.5183781547918289
-0.844890823068599
-1.1189146395387566
-1.7259781351755057
-0.5702735702377589
-0.7891978298447714
-0.6015810038916486
0.44265491373804705
0.3680842730022884
0.6130828683841367
0.6928253879391255
0.3296382375802264
1.0837206995629378
0.8241861602581072
0.4404312213311225
0.8467289415790512
0.49234860573610767
0.6208176983373845
0.8253780812123273
0.928296378492686
0.8276522076681075
0.3401758052013391
0.6973426486976171
-0.5028940042723625
0.18413180396055037
0.4645757918950643
0.5669694929362503
0.4168609386832334
0.6255880248520675
0.2731583254052211
0.3463454227735229
0.2544404110771447
0.4364146868658289
0.23199597718732493
0.9532587265266355
0.9156782016777903
-0.28265082029008065
0.7310851083553347
-1.0464422712375006
-0.31789618337784864
0.49167885807540557
0.8524045072715378
0.8086734852658004
1.1118524124303786
0.7498451414328019
0.007669075698010988
0.47063035641545264
1.073015909806691
0.991874284851126
0.7610043583898929
-0.28459935829266525
-0.715237469614595
-1.9971161336598187
-2.576406277831311
-1.0129248289885957
0.31543837455129753
0.6488519496267982
-1.184295622297767
-2.4365933056351525
-1.9706036574308528
-0.5478512531367129
-0.3837731135462535
-0.21219443808576036
-0.05982846658109244
-0.48138133267422634
-0.20173915080160718
0.7752058578124236
0.35031009311938394
0.7590821387245164
0.4200028725165214
0.17841298247409978
0.6197346335602719
0.2887671121182562
0.709447011196891
1.0017534397485393
1.0032968480761546
0.9454247010501466
1.0430876581090829
0.9728442594326049
1.1992237738624538
-0.06344716684671742
-0.10433021884634326
0.15789115917475458
-1.1614891048304399
-1.8823899808147524
-2.92399042594163
-3.159285189694281
-1.0790556201309751
0.3972882717365035
0.7838683716772453
0.8204760410775981
1.0201261867694558
0.8893386636995305
0.6125594737011101
0.8588797561669949
0.551907002742596
0.8109705294583563
0.47618406386999934
-0.0451749495205059
-0.1634510967482763
-1.0292500592618508
-1.8435361850650536
-1.952720175909647
-2.1314721026045205
-1.0528283031439405
-0.9905729163952063
-0.7217664256765641
-2.0987721757976363
-0.9827772433286663
0.20152889845155478
0.4880721741662068
0.7140078009174925
0.7702716855840422
0.29837867852503364
0.11815319353278132
0.023745484439726457
-0.31786478957389425
-0.021476206470098447
0.6123231284442544
0.6889617567721182
0.8231204412709113
0.10303405140712327
-0.4236068705632712
0.5556903093781115
0.6836525947156261
1.1719005158445
1.1391641643499977
1.1735536695892215
1.1762631760305367
1.1159796085859204
1.3528387296213789
1.4313801481043815
1.422542825444946
1.604399962059949
1.4788958909696857
1.8006531667420431
1.5619743183272106
1.4963347562179916
1.7151520349722644
1.89474836016884
1.4232264954444112
1.5049414197041928
1.6606319979489446
1.7763408937545588
1.1279194070849705
1.7324346681621376
1.4317763318676926
1.3925968494037417
1.4738181151756011
1.444586435701066
1.537684648872858
1.7801485134473032
1.7199603769890408
1.4265255393765948
1.745605132355758
1.2709810738144884
0.8934091866934716
-0.4667004276816477
-1.837396646220809
-2.6486259400068675
-2.304467060021101
-2.9599538444772193
0.7346928547412359
1.0505090530615666
1.146285414019086
0.5980894157387214
0.9115120093929919
0.9945491451659587
0.6088680100159771
0.595156535555917
0.3100390198127247
-0.015550077786037765
0.15622140179132604
-0.15328290285698631
0.14427131840308044
-0.4207280462458723
-0.6374159137021707
-0.04270600112576537
0.550136971578961
0.9780999197767972
0.5131553777482948
0.6756646460312634
0.6197988386910707
0.7752364566702805
1.0084807184413658
1.345904507617148
1.395567873005923
0.5209985225437128
0.9674192925108459
1.4912548916687285
1.2915550976186032
1.2065949332610748
0.8435811304889947
0.7584102720219054
0.865254002046358
0.8897785362961933
1.16735087815707
1.0713082593352794
1.1620668305340562
1.2322303413118252
1.253506032491221
1.3003069946787795
0.5559187453732104
0.6640809652342156
1.056563571379545
-1.793301207728404
-1.535493895965657
-1.102225313779119
-0.31022804566164797
-0.7483442860493741
0.18434929502346165
0.5363316308669714
0.12193760961216726
0.8509272216102235
1.3068311999829276
1.2968259679201393
1.5149735201879708
1.5442001458751078
1.2168872821135406
0.7749393827063293
0.6666954024310184
-0.8297982597236827
-1.661665384766613
-2.770768736524937
-2.357028263769313
-0.11256231332523405
-2.55799186193096
-2.251363261652512
-0.3407111451335334
-0.7027133926603469
-1.75901930064844
-2.8442332955170495
-2.0752362719330435
-0.6032299007619029
-0.31566252232197806
0.3921171770960813
0.33070610678742446
0.0753272357926866
-0.45915218516642364
-0.8083312206948763
-0.22196820327135672
0.5236939710027838
0.7447618960453637
0.876974850386886
1.0503895987239908
1.190090044028347
1.0010403416716465
1.0897848996498614
0.1814038344948506
0.5722970558466125
-0.3077226870908471
0.2604980194677743
0.5706212063409284
0.15277329511344945
0.6645497307198027
1.0334052299111718
0.8326736463462394
0.27893504405767094
1.1871223671701367
0.9333455674428649
0.9064614092097633
0.07095192307208971
0.30019998001772724
0.020911747354221945
0.062869913203625
-0.00602476244161278
-0.7063485905131962
-0.9254542985697527
-2.010097485514208
-2.2654076657334223
-0.9289315182327281
-0.5194395897448975
-0.5976194380416888
-2.5888825725562867
-0.445727959472579
-1.0151867789112907
-2.279368195710727
-0.09091290780973124
0.13875328313539462
-0.046457138209574964
0.21308252759549953
-0.480742771201721
-0.6991398032044328
0.4317053028689872
-0.855933916436882
-1.4559771410104716
-1.9604502965709634
-1.4740560842145907
-1.710507185672253
-0.32472886963491554
-2.742127254526353
-0.7388502281993397
-2.0200902492960666
-1.5395326724384857
0.33370592191696036
1.5974488495433254
1.6316850847176185
1.2932510333110268
0.9623791810529105
0.636337229026187
-0.39521450222097293
-0.9123032726912956
-0.7138169547977851
0.3913289846656247
0.7233150131203804
0.6853226938134234
-1.5913335799608372
-0.42459735788160224
0.5102230368968704
0.9455723827730473
1.0852832511292405
1.0350466184298952
0.9067238453221476
1.2862293864854475
0.8759302892401408
1.3889839761972302
1.039461959046299
0.9733607795713183
0.8856485625079674
0.8930156504358038
-0.522156383842136
-0.2736230015196393
0.5767549683152409
1.079876743904527
0.3389748028417636
-0.5279229976313153
-2.9896368925830883
-0.7008199193840753
0.7464467863003548
-0.6432224600447904
0.8439248932008909
1.2230281832973975
0.8031848909568783
0.2004687604512412
0.3839197565281087
0.45204920837552387
-0.36626790128936276
0.32814497504387563
0.6337967231831172
0.9279716110794206
0.5186583511561246
0.4431436596300368
0.6566593102303508
0.6258746992516081
0.08922043136067975
-1.2285625163080167
-0.5497892405481742
-1.5066430917109355
-2.4354331125059208
-2.875181501727728
-1.1310195932873988
-2.47834810823278
-0.4758579806355297
0.6620683250404107
0.8461556103846685
0.6998796212150831
0.49605853607608746
0.7770490738527549
0.0862623032541988
0.5456047577283646
0.8337397675913987
0.17593984552486788
-1.2978194740715805
-0.563320525674869
0.06138159411691198
-0.41215997901691104
-3.086006460525976
-0.5215696174159403
-1.4669357347080427
-0.24652878660652464
0.6165186380730685
1.2307817698776011
1.2155079059030494
0.8591416041424649
-1.433539727456039
-0.5485892260507133
0.4605146983949134
0.15871141511743464
-2.247439248283678
-0.4790443798712758
-0.5275653142639656
-0.7783230162286859
0.45230645745396025
0.4060650275957751
-1.8978916234488712
-1.6702289601850049
-2.6559946628996816
-2.527455807112445
-0.46427452619429643
-0.6032777099660529
0.036488460532516746
-0.07948843615459374
-0.41690139626087847
0.016154323485161576
0.012981913361675184
-0.0258208632140478
-0.5502942689300292
0.26538597807726166
0.05539910681128227
0.548373645885637
0.619163688201732
0.10530469531037144
-0.4661296759454424
0.027912474229427053
-0.5227282521361543
-1.5797405339653992
-0.33106523700859314
-0.35805323943206885
-0.6112938001536954
-0.24288632810287092
-0.9866586826718962
-0.36981981169438166
0.06508031211060555
0.6525272688841838
1.006032872400402
0.9325879157150991
0.6493194154776846
0.8477972205990941
-0.08873057919714537
-0.25084538049281346
-0.44941774192393624
-0.5964399296935228
-0.4492723475728062
-0.08289482161890921
0.1173573545513832
-0.20376473521211869
-0.6053879492056314
-0.37759324573447467
-1.762773344272522
-2.7669088387725433
-2.5932041809350976
-2.5771899401606406
-2.7400294009334556
