0.41599667
0.27878886
0.025155693
0.23912388
0.36967748
0.2799621
-0.084985435
0.17755574
0.02978456
0.27433705
-0.43695623
-0.5292486
-0.3342808
0.11551109
-0.17503202
0.16523826
0.3396796
0.5280376
0.40658307
0.73257506
0.79042375
0.7215896
0.7964572
0.7169292
0.91057456
0.75271225
0.94433415
0.649014
0.5312604
0.4549818
0.27897805
0.7354386
0.5419968
0.5154532
0.4785531
0.306042
0.60669345
0.38538802
0.37563887
0.5186666
0.5677465
0.8505145
0.6726778
0.48542482
0.44563225
0.17633459
0.51250255
0.5335937
0.50637186
0.4020719
0.29332113
0.26550406
-0.094135106
0.419242
0.13293192
0.34579206
0.2871386
0.11765197
0.6783385
0.65299785
0.65491956
0.10737309
0.14949429
0.16910672
0.27999806
0.09748301
0.095873505
-0.21823472
-0.55242383
-0.22790444
0.077836156
-0.14194494
0.13452074
0.09735134
0.5298226
-0.13911933
0.16070932
0.6171557
0.7205517
0.7436457
0.7033374
0.84317654
0.87296724
0.49425814
0.87442094
1.0244584
1.1812997
1.0021935
0.9680022
1.0769167
1.258013
1.0526185
0.8177612
0.92766964
0.22556823
0.3044868
0.46575317
0.67014223
0.6561037
0.65069354
0.7894827
0.73033595
0.8176373
0.7360793
0.7105857
0.89860463
1.227216
1.2466903
1.1922691
1.0460484
1.0256302
0.96382606
1.2098418
0.028219938
-0.22838187
-0.25779969
-0.23217916
-0.20237178
-0.03470087
0.16495195
0.2175462
-0.0347777
-0.19297904
0.20887312
0.08947539
0.1224128
0.38162947
0.521144
0.6019777
0.37714303
0.9244938
1.1811795
1.2227585
1.0327494
1.036648
1.1542578
0.696713
0.76573884
1.1800808
0.6366006
0.957033
-0.87943876
-0.91357946
0.14292932
0.7540431
-1.0028484
0.6275234
0.211384
0.5742133
-1.0899695
-1.6110425
-1.3212702
-1.0262665
-1.1301242
-0.8472185
-1.3079696
-1.334792
-1.477825
-0.9672997
-1.098129
-1.7013059
-1.7162426
-0.7411382
-0.22309816
-0.09912759
0.2619586
0.61375356
0.44642943
0.75229204
0.8214538
1.0504243
0.90383494
0.46233818
0.91767573
1.1131122
0.9346812
0.99429667
1.2058368
0.44888994
1.0163143
0.6504684
0.91718364
1.0048385
0.13348225
0.6251724
0.85951865
0.8233597
0.3182444
0.6117867
0.45770898
0.5558573
0.89158976
0.79574543
0.49033242
0.584145
0.20054919
0.20431092
0.32181084
-0.713794
-0.011354268
-0.10492444
0.13915959
0.20130607
-0.3832767
-0.556113
0.038513362
-0.19226682
-0.1320591
-0.27072024
-0.52781224
-1.3993075
-1.285497
-0.40793878
0.10681355
-0.29670012
0.3425719
0.31807142
0.32811338
0.45465904
0.36846966
0.65869004
0.68375725
-0.1837061
-1.0309838
-0.7760314
0.70236087
0.22607657
0.8788006
0.51044124
0.25464034
-0.07056749
-0.6928984
-0.98546064
-1.506609
-0.86952627
-0.58929634
-0.64702296
-0.07995516
-0.17349583
0.08898106
0.3576341
0.46667683
-0.74490833
-1.3864131
-1.0179067
-1.4791158
-1.1826482
-0.70326257
-0.6614735
-0.11366844
0.4364717
0.7567982
0.20687479
0.31229213
-0.8652433
-0.20745134
0.33345652
0.58697426
-0.35139084
0.17367983
0.28912187
0.39637977
0.524659
0.20865035
0.035333723
0.9425101
1.044249
0.45097983
0.43461835
-0.275351
0.5620714
-0.3086956
0.07267141
-0.046907008
-0.36501682
-0.5908426
0.13677406
-0.56276155
-1.0811155
-1.1101278
-0.61479187
-1.1143605
-1.0171126
-1.1352688
-0.70833635
-1.1730623
-0.5721562
-0.2309671
0.15750754
-1.2701201
-0.5190909
-0.666268
0.15166387
0.5572572
0.06202361
0.30174354
0.3053794
0.6648228
0.7650389
0.72217846
0.3690114
0.57306087
-0.026775777
-0.7893511
-1.3046651
-1.6693289
-0.8818277
-1.131815
-0.2850355
-1.0173956
-1.1685156
-0.6123885
-0.7301636
-0.18266547
0.21653399
0.16786182
0.4215149
0.66825795
0.5447118
0.20661113
0.2941531
0.4953892
0.6571225
0.8182118
0.8243271
0.33342004
-0.99411535
-0.53127635
0.1591183
-1.1182818
-0.079882026
0.21766055
0.2781304
0.1611352
-0.03563255
-0.15338373
0.062966466
0.36338085
0.5492197
0.43540025
0.31970108
0.13509303
0.5649556
0.79505235
0.47585267
0.7129212
0.76446974
0.4716456
0.3583457
0.26992673
0.304379
0.07909331
0.41893584
0.5829395
-0.38460445
-0.46320313
0.10519436
-0.30510175
-0.03089267
1.0470413
1.1388435
-0.30743307
0.16777354
0.7008147
0.28920248
0.94368535
0.7254221
0.37177914
0.02910474
0.47322583
1.6581411
0.26346815
0.5292406
0.7167015
0.67982423
0.94896185
0.77698445
1.1509607
0.8789762
0.24574175
-0.10249817
0.32815725
0.5737247
0.82647157
0.73057014
0.3404773
0.62669426
0.9810101
0.7210586
0.8024734
0.67842185
0.45191306
0.59701306
0.5008991
0.7002826
-0.17892534
0.33736444
0.6491515
0.78822726
0.5351012
0.2581962
-0.5361291
-0.2556057
0.2738644
0.634692
-0.10404664
0.05128905
0.07730767
-0.38356894
-1.004694
-1.040141
-0.43247914
0.057920307
0.34935203
-0.017564178
-0.3527987
-0.281403
-0.0771265
-0.2900856
-1.2973235
-0.42148304
0.27870902
0.0776009
-1.0804315
-1.0927141
-1.1191136
-0.87820244
-0.7121577
-0.6626173
-0.9564148
-1.2765486
-1.6569073
-0.9797684
-0.7780055
-0.24310946
-0.06730282
-0.42824233
-0.5164423
-0.82797706
-0.89975715
-0.14111328
-0.7515398
-0.690338
-0.109507024
0.06741202
0.3678754
0.07009804
-0.779228
-0.10512614
0.30181956
0.7774592
0.7590023
0.6718521
0.68379307
0.74470127
0.79082185
0.34287488
0.6381925
0.31639138
0.29787302
-1.0353307
-1.3646343
-1.0559648
-1.0481889
-1.1593076
-0.76932096
0.033691376
-0.8480176
-0.5957669
-0.83012605
-0.6961986
-1.6065974
-1.1985831
-0.743649
-0.070044756
-0.57460153
-1.3870976
-1.1405556
-0.81412923
-0.6105453
-0.6699344
-0.45687222
-1.2035067
-1.2172705
-1.2381474
0.05353391
0.24191144
-0.09163767
-0.30534583
0.19378924
-0.3372075
0.004607767
0.5489738
0.5671648
0.42905656
0.67468715
0.2968558
0.48805434
0.43336648
0.35128552
0.4074772
-0.06276667
-1.399308
-1.1487982
-0.9503
-0.13468105
-0.13309944
-1.0701735
-0.76044726
0.3181377
-0.12745672
0.59713113
0.9280807
-0.31531936
0.6858978
0.75321543
0.94247437
1.1407602
0.9907404
1.0612352
0.8200734
0.9263585
0.40974197
-0.58992374
-1.218401
-0.8420501
-0.0069770217
0.44611335
-1.0784518
-0.5165378
-0.3884868
0.06957105
0.37091652
0.1858685
-1.1097132
-1.0461347
-0.6410029
-1.1532937
-1.0907395
-1.3112307
-1.4389257
-1.1171612
-0.49486512
-1.259552
-0.14181525
0.31721172
0.38686714
0.08369827
0.36906034
0.33669242
-0.89727473
-0.46964294
-0.18339449
-0.3218029
-0.37554944
-0.79343164
-1.0903603
-1.0866402
-0.734092
-0.9597508
-0.17710078
-0.15596998
-0.8952677
-0.87205005
-0.33980727
-0.010768175
0.12967622
0.33980942
-0.4313798
-1.0201825
-0.7036631
0.09811115
0.45889202
0.2189514
0.3276996
-0.09401226
0.22565651
0.031118512
0.07842365
-0.21763384
-0.26787376
-0.35552663
-0.7170757
-1.0692995
-1.4016641
-0.86349916
-0.46291453
-0.95195436
-1.0739129
-0.6159233
-0.8460715
-0.9509076
-0.8195677
-1.0342082
-0.81522095
-0.18708777
-0.8179625
-0.43630832
-0.24930787
-0.79708695
0.2427637
-0.08831859
0.34846935
0.85881484
0.8414053
0.18628418
-0.2855031
-0.97006893
-0.8047012
-0.06591278
0.13116843
-0.0071103573
-0.26166534
-0.48291975
-1.7021093
-1.0189571
-1.2815464
-1.5125427
-1.0303516
-1.4354696
-1.0699586
-1.6009395
-1.5703375
-1.4230473
-1.0371426
-1.4873434
-1.3957876
-1.537209
-1.8004997
-1.772265
-1.6229532
-1.2637795
-1.4305874
-1.4016466
-1.5787547
-1.0670152
-0.12626219
0.282714
0.27440953
0.21094173
0.31237537
0.2603035
0.20367321
0.16135737
-0.7808411
-1.6509821
-1.59655
-0.6688014
-1.0948079
-0.85245776
-0.8380014
-0.55197597
-0.9074186
-1.2034051
-1.2276455
-1.0900824
-1.5487721
-1.2850451
-1.34325
-1.0892174
-0.7089553
-0.2226696
-0.3176579
-0.042191565
0.27412122
-0.86971045
-0.11657089
-0.3180647
0.3888247
-0.104243696
0.5097606
-0.16874903
0.32236302
0.47530434
-0.21863759
0.22838658
0.30511552
0.46377963
-0.6033366
-0.048849046
0.08673406
0.2906314
0.4203781
0.24363446
0.16467717
-0.266491
-0.39658648
-0.24483764
-0.21976882
-0.23442847
0.30415085
0.36826605
-0.32114935
-0.686581
-1.2476454
-0.057947755
-0.50682616
0.20575985
0.06547186
-0.008785188
-0.84658575
-0.8838333
-1.0648944
-0.42028713
-0.6042987
-0.2688437
0.08425188
0.28366876
0.26142398
0.26183134
0.30762392
0.026699245
0.17324463
0.049373597
0.19376105
0.24203888
0.35724854
0.08227256
-0.38925916
0.1359435
0.38358125
0.19386733
0.090693325
-0.057905555
0.3069782
-0.13692832
-0.007813692
0.17065594
0.18580157
-0.9730394
-0.553555
-0.4205895
-0.19364959
-0.13591182
0.03941682
-0.13616312
-0.04473412
-0.11131853
-0.4260016
-0.6290562
-0.502982
-1.5561836
-0.24114776
0.4416039
0.36741608
-0.12930566
-0.45157272
-0.82017994
-0.5347638
-0.1629247
0.025484681
-0.31680346
0.12353107
-0.64384353
-1.1569682
-1.2793125
-0.5457324
0.05446577
0.0049688816
0.35585988
0.038201302
-0.27508456
-0.25267577
-0.022944272
0.105122894
-0.033776462
-0.6013154
-0.9794638
-0.41538233
-0.45106673
0.05333495
-0.10894066
-0.42641324
-0.2488839
-0.4055667
-0.90439487
-1.0129488
-0.9691762
-0.22174835
0.07435125
-0.32572597
0.2115373
0.34357244
0.42787272
0.06125942
-0.37711698
-0.5527605
-0.13622868
-0.45159334
-0.80622864
-0.85931253
-1.2617955
-0.83802927
-0.4284106
-1.0298545
-0.67588246
-0.98620844
-1.5553677
-1.218292
-0.30067533
0.017316937
0.108652264
0.23362508
0.161104
0.17231235
-0.8533535
-0.68816376
-0.28081065
-0.120031714
-0.23582071
-1.0695002
-0.75489604
-0.04263228
0.11755079
0.4208968
0.42741907
0.26367098
0.52850944
0.6977354
0.8343549
0.7012352
0.36537033
0.5763082
0.7058816
0.7781637
-0.08740479
0.23132846
0.39860076
0.36717123
0.3220138
0.22653508
0.03383434
0.3845934
0.33623287
0.11819127
0.44629195
-0.09758979
0.10038373
0.12701967
-0.16831613
0.2838059
0.42415872
0.42350578
0.06737977
-0.4127596
-0.19899952
-0.370277
-0.7595589
-1.2664675
-0.8258853
-0.61251414
-1.0334768
-1.8238401
-1.1634952
-0.18982363
-0.36847013
0.014990658
0.32583964
0.19307122
0.1912052
-0.8044963
-0.9773762
-0.41977382
-0.0116484165
-0.2488547
-0.16980761
-0.4110186
0.035146564
0.11260095
-0.72905076
-1.1781467
-0.8455446
0.346508
-0.014356077
0.15204483
0.37128466
0.71562755
0.23701328
-1.1375886
-0.6227572
-0.12687993
-1.1277263
-0.35607195
0.079760134
-0.20172423
0.15137812
-0.06409478
-0.0870865
0.2525531
0.22739145
0.032951117
-0.06436396
0.34697855
-0.13956922
-0.027429283
-0.1949507
-0.048311234
0.0675458
-0.99228203
-1.2625878
-1.878865
-1.4062161
-1.4220248
-0.35237378
-0.54151833
0.08241898
-0.1715917
0.013232827
-0.16416186
-0.010511279
-0.10223079
-0.013236344
-1.0952703
-0.5622208
-0.4542274
-1.1785706
-1.2387085
-0.9648112
-0.5306201
-0.804227
-0.624889
-1.28628
-1.1246939
-1.0190217
-0.39345253
-0.48753333
-0.12644076
-0.22272837
-0.19326127
-0.20436966
0.07269102
0.12358019
0.111946404
-1.0862294
-0.4904617
0.014478177
0.13817507
0.22742915
-0.23786813
-0.20516056
-0.3134594
-0.46474755
-0.35057425
-0.38304466
-0.71307445
-0.7237694
-0.404572
-0.32086396
0.3120249
0.7296345
0.61903477
0.68369573
0.5718837
0.7114924
0.43477058
0.024998069
0.12999725
0.05701849
-0.7397206
0.14304852
0.035280794
0.14913431
0.48335117
0.5286765
-1.0299767
-1.3382583
-0.19673091
-1.2105982
-1.453961
-0.74430335
-1.0052965
-1.0356354
-0.3593517
-0.22821832
-0.24726403
-0.30288953
-0.4798
-0.21346736
-1.1289124
-1.6070995
-1.3133607
-0.4049297
0.12785822
-0.040843904
0.2094023
0.33922285
0.5531454
0.36455685
-0.20859843
-0.8901262
-0.234667
0.3049265
0.16302201
-0.101610124
-0.7513647
-0.40985888
-0.43226844
0.14098656
0.26903158
0.124388486
0.42468354
0.28180963
0.21191877
-0.0133603215
-0.2146458
-0.017670155
-0.23927623
-0.0025020838
0.013214141
0.39701638
0.13003984
0.46054614
0.7579464
1.159462
0.8961803
1.0351238
1.1884352
-0.3543167
0.57493633
0.33559373
0.5204321
0.28144863
0.20677459
0.44118237
0.23124984
-0.21234292
-0.34344006
0.011310548
-1.1173959
-0.93348396
-0.36817074
-0.14077479
0.15808314
0.36384365
0.62662655
-0.8182502
-1.0181626
-0.6956396
-1.0149189
-0.9825058
-0.42647117
0.35548836
0.5574302
0.41540968
0.3307591
-0.5950335
-0.100389004
0.23340932
0.3029905
0.16956729
0.53698695
0.6583973
0.41762167
-0.1366455
0.18032458
-0.8416579
-0.0031021237
0.13317946
-0.25665963
-0.49627692
0.3478397
0.28419963
0.10329825
-0.7507175
-0.95877564
0.35009813
0.898628
-0.29926836
-0.25429094
0.0038980246
0.38185775
0.75345683
0.5071972
-0.42871052
-0.38842022
-0.17024636
-0.167615
-1.0454489
-0.36567205
-0.29899734
0.054555178
0.1631077
-0.21083659
-0.5017326
-0.13813221
0.41522387
0.52967185
0.4345173
0.8339171
1.0582829
-0.15916282
0.20892745
-0.32696146
0.13681012
-0.3316189
0.8117478
0.5503237
-0.28055674
0.16198158
0.20758447
-0.0022606254
0.25613928
-0.47752535
0.72026515
1.0699894
0.11930522
-0.66527414
-0.9407462
-0.7996274
-0.5624783
-0.77377963
-0.16064495
-0.07014531
0.12110707
-0.040674686
-0.012025416
-0.54333663
0.22151223
-0.03740388
-0.18502623
0.26314193
-0.1098578
0.5801652
-0.15813446
0.6270988
-0.2274847
-0.666867
-0.12513709
-0.05311054
0.02991864
-0.29804552
-0.41289926
-0.31502432
0.19814822
0.32071477
0.6254828
0.52675533
0.20447764
0.59832335
0.89124775
0.9702954
0.5101362
0.7058972
-0.49704927
-0.09997368
-0.43953013
-0.057888806
0.21549839
0.39845228
-0.0040804744
-0.3161624
-0.71068144
-0.5524807
0.080290675
0.06589848
0.23149079
0.4080803
0.02186954
-0.093020916
0.025259405
0.23319024
-0.15631145
0.3934007
0.33503926
1.1177937
0.91796887
1.0044165
0.9001988
-0.050866663
-0.36107635
-0.2760421
-0.024080396
-0.3818854
0.25959018
0.57674754
0.966256
1.2191393
1.1722959
1.0270195
0.4571289
0.9189891
0.8665063
0.6727136
0.43951735
0.45042783
0.301515
0.34403902
0.4972822
-0.49118632
-0.14360338
0.27935627
-0.5593231
-0.3732813
-0.6536994
-0.23460048
-0.90046525
-0.22866052
-0.12462109
-0.04895711
0.13112846
-0.31807643
-0.13632137
-0.026275516
-0.30226123
-0.7960429
-0.9638231
-0.94575715
-0.7998674
-0.39184618
-0.3335744
-0.479954
-0.2667036
-0.3651681
-0.3916074
-0.10785973
0.01648736
0.30591232
-0.0900166
-0.007280171
0.05888176
-0.115869105
-0.25230634
-0.51019645
0.4215074
0.5869451
0.4625376
0.6404655
0.47644612
0.24577796
0.44935384
0.36387837
0.5306642
0.74733466
0.39443168
0.41666165
0.49496984
0.38280374
-0.38904083
-0.44456714
-0.30271196
-0.52782226
-0.22634864
-0.21831352
-0.4612983
-0.52232945
-0.517028
-0.52338874
-0.5196365
-0.93487155
-0.9408828
-0.63081443
0.022215754
0.2571628
0.36523128
0.24815968
0.29065686
0.561445
0.6573844
0.30044365
0.33572465
0.25234276
0.05474913
0.34489122
-0.15216702
-0.1932345
0.29712683
0.3508827
0.29982606
-0.45924902
-0.24092901
-0.1379801
0.38784933
0.42869833
0.49062976
0.5137615
0.5049902
0.36879873
0.5719434
0.51779264
0.1821743
0.0012509823
0.41640332
-0.42925918
0.007202804
-0.41169178
-0.13416493
-0.36625403
-0.41459745
-0.35588294
-0.6080805
-0.46562505
-0.9711431
-1.1614164
-1.0511892
-1.0348309
-1.0474284
-0.8336109
-0.941537
-0.73547614
-0.90086865
-1.4255338
-1.3827813
-0.68108046
-0.09275472
-1.0082781
-0.36251777
-0.8742229
-1.020439
-0.7529408
-1.3424228
-1.2011039
-0.60695887
0.087994754
-0.30882353
-0.91641545
-0.60140634
-1.1597358
-1.1074146
-1.0133926
-0.6312324
-0.60447
-0.34660512
-0.029424965
0.05381915
-0.08737314
0.28564376
0.50328875
0.5488446
0.17604041
0.15168083
-0.051971674
-0.09898287
0.08960256
0.11612806
-0.8723475
-1.1757066
-0.4577219
-0.08845985
-0.3533674
-0.34955543
0.32760236
0.28474236
0.34503382
0.5203972
0.5286899
-0.695169
-1.1206411
-0.23062664
0.21731034
-0.71525514
-0.46355075
-0.58871746
-1.3881836
-1.4324094
-0.86817825
-0.7460005
-0.7264277
-0.61194897
-0.40495402
0.106788844
0.30044097
-0.23252529
-0.35961604
-0.77227366
-0.4603665
-0.57630324
0.21250498
-0.008169234
-0.4698012
0.14991218
-0.7682849
-0.049855173
0.5500492
-0.2955305
-0.43866462
-0.4851815
0.0093616545
-0.6218716
-1.2599882
-0.67144513
-0.47665256
-0.6624085
-0.6231296
-0.14260161
-0.87892973
-0.8394319
-1.3135167
-0.6432396
-0.066988885
0.36691737
0.6992302
0.060724437
-0.6781908
-1.3641818
-1.5925243
-1.7504215
-0.7929418
-1.2451931
-0.94872975
-0.9881135
-0.87123513
-1.229656
-0.995422
-1.237505
-1.0528446
-0.2147795
0.18144596
-0.08813381
-0.44599825
0.023413569
-1.2413436
-0.4876557
-0.31798196
-0.7930987
-0.74127483
-0.83977866
-1.2715089
-1.5570593
-1.4086839
-1.3477465
-1.0828134
-0.6188369
-0.6467657
-0.49191672
-0.83998156
-0.5090419
0.024833918
0.5306424
-0.52334654
-1.1189717
-1.106671
-1.2670131
-0.80170834
-0.8045914
-1.1715958
-1.0506629
-1.1445125
-1.2327871
-1.3565711
-1.2405667
-0.9126674
-1.145466
-1.4339556
-1.2217594
-1.1088071
-0.8423883
-0.8331027
-0.90141284
-1.2662654
-0.46583188
-0.2889076
-0.0071116686
0.06729901
-0.20159757
0.2681371
0.49605462
-0.08717698
0.37341508
0.7047001
0.58505976
0.85099196
1.0568609
1.0779111
0.68861854
0.7373675
-0.39998275
0.24075037
-0.44542992
0.41123438
-0.21978295
-0.037918985
0.21319437
0.72405523
0.5731971
0.03991577
-0.08508515
-0.75142944
-0.11903381
0.5569549
-0.051206112
0.24938047
-0.1573993
0.3355366
0.54760945
0.5105981
0.5895207
0.6998602
0.5493954
0.5935637
0.3978345
0.65531033
0.71780574
0.4617035
-0.6572225
-0.9277142
-1.0140079
-0.61159873
-0.77455807
-0.29726595
0.34840074
0.4539179
0.5503086
0.57226574
0.28063136
0.983493
0.9615529
0.4301142
1.1123278
0.48726135
0.5700159
0.6469148
1.1465752
0.9074403
0.41895083
0.53785753
-0.002937436
0.26856682
0.48252928
0.6244283
0.47045338
0.57984793
0.4927435
0.24199206
0.33779502
0.48131758
0.33765242
0.6973026
1.0324575
-0.08193499
0.5344326
-0.53694296
-0.28638434
0.44306335
0.6165499
0.83542824
0.8703768
0.85203475
0.025064796
0.30633605
0.91063255
1.0013511
0.80824035
-0.19403535
-0.8225198
-1.0847448
-1.0462446
-0.3712142
0.67954326
0.7664366
-0.6381835
-1.2295089
-0.9880228
-0.5728524
-0.4042372
-0.36954153
-0.20513743
-0.218566
-0.17992473
0.44300374
0.17373046
0.4222466
0.47493783
0.34189218
0.43055797
0.38329607
0.5321853
0.7087639
0.8545711
0.6982502
0.944482
0.92633575
0.9411075
-0.08224654
-0.10405296
-0.061146677
-0.65578115
-0.8863449
-1.0589572
-1.086209
-0.67573595
0.25368458
0.5977719
0.66911376
0.6783691
0.56402266
0.57429177
0.6686918
0.6635382
0.69272685
0.495624
0.11297926
-0.14611006
-0.59919703
-0.6195488
-1.0179118
-1.0029513
-0.7051555
-0.68104684
-0.60942125
-0.7388325
-0.89539087
-0.20392287
0.27562714
0.7264553
0.53664416
0.17015034
-0.07404989
-0.08525407
-0.1451847
0.034954667
0.44255817
0.5237322
0.5596334
-0.13109457
-0.41926318
0.39889944
0.7874113
1.0349809
1.1659982
1.1419044
1.170001
1.2991776
1.212678
1.3750453
1.3809484
1.435752
1.2724584
1.5669494
1.4248178
1.3934208
1.3438487
1.6957358
1.7316762
1.4961948
1.5364739
1.7756246
1.4272362
1.7206094
1.5079587
1.4465727
1.3663929
1.4473891
1.5194453
1.4647406
1.5847524
1.5246305
1.7463334
1.4900234
1.208633
-0.13137895
-0.94018185
-1.3389604
-0.98083174
-1.042138
0.32185122
0.61059296
0.6085397
0.19985205
0.38645878
0.59651697
0.7262572
0.74496377
0.4132005
0.037877053
0.110822946
0.05993852
0.35986727
-0.034781992
-0.37846547
0.0006248355
0.5896403
0.821699
0.36373886
0.4816634
0.53088534
0.8960666
0.96831304
1.1446216
1.3532552
0.60739547
1.1147609
1.4106822
1.3057282
1.2472702
0.87199706
0.75877094
0.98735464
0.98609835
1.1856942
1.0620205
1.2207105
1.2470368
1.3132209
1.3151057
0.5740107
0.96375656
1.0756748
-0.5150813
-0.6446451
-0.5272937
-0.18217456
-0.4101702
0.2470499
0.39853
0.36338162
0.82613313
0.9804189
1.1974891
1.4563458
1.5933377
1.1205573
0.8215802
0.527957
-0.28664106
-0.7151458
-1.1942636
-1.0255558
0.16518706
-1.1294415
-1.0887015
-0.56310284
-0.18052244
-0.9827523
-1.1560439
-1.1850923
-0.575217
-0.32002592
0.2063629
0.06984848
-0.055544376
-0.32678783
-0.35628593
0.051558018
0.567639
0.8368064
0.93280494
0.9422084
1.1868459
1.0854864
1.2200701
0.23243749
0.4146517
-0.29521978
0.29735342
0.5993465
0.46223125
0.62023264
1.137627
0.9250897
0.29101104
1.1166625
0.8855238
0.84695697
0.26254183
0.3914867
0.25862932
0.19279364
0.16340083
-0.8006213
-0.6600517
-1.2399654
-1.249227
-0.9037318
-0.6071874
-0.49447447
-1.328211
-0.7454622
-0.7129214
-1.0479422
-0.41430396
-0.0588997
-0.3341663
-0.030127764
-0.53437924
-0.61484456
0.12776595
-0.3139835
-0.8026569
-0.83345675
-0.8347776
-0.90751386
-0.35562783
-1.1644454
-0.8810183
-0.968892
-0.78496635
0.004368484
0.99668443
1.2367451
1.2250351
1.166292
0.7430912
-0.037427127
-0.5336282
-0.18429804
0.3984847
0.80791044
0.7299472
-0.7409049
-0.33720332
0.6028376
0.56583196
1.1618749
0.87784445
0.908046
1.2121627
0.82895446
1.3316398
1.013078
0.7302231
0.87718785
1.0160623
-0.24304348
-0.14933574
0.49673593
0.98414433
0.25859565
-0.56902313
-1.0023049
-0.5607898
0.12310803
-0.3260364
0.99374247
1.0345628
0.52318454
0.06987837
-0.006424725
-0.2142334
-0.38798398
0.2881786
0.67761874
0.94354284
0.4595884
0.6547648
0.64317083
0.6489943
0.29891634
-0.5686753
-0.46043384
-0.96131027
-1.3688245
-1.4539748
-0.80193937
-1.3662323
-0.33204728
0.5896511
1.0336037
0.84022266
0.39620328
0.7546984
0.073035955
0.2576161
0.5126845
0.44260746
-0.45671034
-0.43756688
0.18434057
-0.18732756
-1.1028379
-0.43248498
-0.56499255
-0.18599463
0.511154
1.0961609
1.1135975
0.6382539
-0.50117147
-0.5127411
0.44882336
-0.10975933
-0.79065335
-0.16976333
-0.4090671
-0.66955805
0.26057738
0.19153625
-0.5706252
-1.0177903
-1.2414204
-0.67279017
-0.29326415
-0.37412512
-0.41478342
-0.1497181
-0.20692462
-0.01850003
-0.23470598
-0.07391071
-0.20314723
0.24541682
0.08054373
0.48778298
0.51785964
0.2680443
-0.26604307
0.05472225
-0.43834454
-0.68296516
-0.0847891
-0.16645384
-0.21497196
-0.09302354
-0.3708735
-0.43415093
0.09394017
0.79744446
0.79664093
0.8067621
0.6823155
0.8669988
0.103962064
-0.120330155
-0.047822
-0.29427868
-0.25346035
0.16488832
0.2578584
0.2318652
-0.4087019
-0.28708076
-0.9751339
-1.3941098
-1.078752
-1.153817
-1.2174213
