0.44943022452475406
0.34825331957501915
0.05371971354216496
0.27094948803289504
0.32972393722935844
0.3207499624136184
0.04466467669037223
0.15630602837644558
0.09881257941991846
0.34950317765189787
-0.49293772702004757
-0.561871519484401
-0.28820152097428414
0.03788529867848731
-0.17865609819434067
0.25435134993784486
0.3578602044443181
0.4846246155122975
0.4437794781793827
0.6632960143004213
0.6257630386548305
0.6949235290212439
0.8472020969222611
0.7588317631919512
0.8776681957204244
0.7347217461798539
0.8707813949011215
0.6393048757395021
0.4892795042868524
0.34999201335082736
0.27630512521917394
0.6566598634862439
0.42666090976346727
0.5506142665910799
0.49200806443799644
0.2781181871563737
0.5837917380314579
0.4131185518794537
0.3981098725516582
0.6754747919561049
0.6502529595811055
0.8494848169803493
0.7097419127011647
0.3736090689771243
0.41482180446224814
0.17929851783722414
0.40675624591512616
0.5519887169033207
0.45830029875346584
0.40678504962343043
0.32347568409817246
0.2482343172546176
0.02629850423177564
0.4225046217545725
0.17477448039289115
0.355356870636704
0.31737533350679176
0.13584568811892708
0.6869365279198092
0.6498478826843436
0.7543609747513067
0.13348184480104414
0.08711226436061537
0.06950328893546447
0.2968044382349514
-0.04698890539643806
0.10828064296633823
-0.1972145634389985
-0.528167985043283
-0.24086014092386238
-0.04812021018686895
-0.3068427982695188
0.03732046246457654
0.08858280195263696
0.5126883028371093
-0.03649216563141461
0.3459885275517183
0.5024541440107338
0.6856778473828766
0.6117214018033253
0.6626981543175281
0.8301998237842447
0.756599209768393
0.3781529892759705
0.8078450810088752
0.9029569469385638
1.007001581427158
0.9323585598853406
0.9659662483036889
1.022106539539108
1.1116748117499513
0.9102671243240154
0.6824292160123956
1.0062486978450382
0.47451293704951386
0.30549194626891707
0.48898957848967567
0.6410612789432202
0.6450430585324556
0.6490534138507701
0.8171096251219807
0.7669436585531451
0.887342086216417
0.7067485984568305
0.7206067747073744
0.9473548032648821
1.2564734644476456
1.3190480729063416
1.2457588467283776
1.0408861112786494
0.9584801723025458
0.8569105261159294
1.1187939847715849
0.08774711551920907
-0.15641477983288837
-0.269025382836956
-0.2467469397143989
-0.07747789328368959
-0.027065591062370505
0.20522261706834935
0.16510728881696976
0.0036975966014136078
-0.25837245307449663
0.27536822671663086
0.06844643115922708
0.05426145983091433
0.35013962298270235
0.5225577755271567
0.5227331244259965
0.3776822835470965
0.8371853849647599
1.113226606028163
1.196107284793817
1.0540035361137132
1.2311142004343834
1.2206003883955905
1.0827651957741964
0.7990872614594239
1.2351342372231684
0.7239425914416648
0.9841455405744408
-0.9754527502193745
-1.315102779292552
0.1637909176792807
0.7007494759062607
-1.3838490248175705
0.6481698679382311
0.32918873431091267
0.5688363057180744
-2.4289010145818906
-2.719916590924028
-1.6349818459382905
-0.9955457421659734
-2.2323759695199494
-1.9607600989619904
-2.7119852295075964
-2.1778959611115507
-1.9350186189755076
-1.487767974063548
-2.4280829888571276
-3.0060056186153643
-1.4018908558649608
-0.820180893632711
-0.06675536152483369
-0.18394175377810396
0.26468370114376
0.743892873855921
0.5482196031039982
0.7848519541138517
0.8498405860465587
1.0722266285125412
0.8543008499825029
0.2818573647241756
1.0232437503991922
1.2453685816001707
1.040178772830366
1.1535301932012791
1.3981804825324728
0.5090099020676931
0.9305455672832522
0.5934337962691544
0.9218048179214852
0.9797796121941665
0.0671130799324094
0.7142025179790145
0.8426673217871316
0.9029490170230129
0.1975370369487517
0.5630373260708486
0.3860665873662037
0.5594009066307114
0.9163675103191654
0.8206708334279296
0.46676728420324665
0.5504892826204282
0.20712833827062252
0.025594004488562784
0.23314266862488067
-0.6643627580752433
0.052648242486969324
-0.2692893774588577
0.12161216070213841
0.11312584372542583
-0.23697984658352714
-0.3520653950204257
-0.04332298889044887
-0.47891499785367636
-0.2408814887569736
-0.4782471044618767
-0.9701922530064546
-2.685820640988216
-1.063074132094659
-0.3618179208982396
0.12211729648377355
-0.186619209331734
0.13667480454048525
0.2698054860741994
0.37044339102065543
0.5037890139182712
0.4512840963755162
0.6531248563574343
0.848154445074207
-0.20468146007453594
-2.158492158842527
-0.6178486534074634
0.47114484363364106
0.0911592526476121
0.8690400717108476
0.5040852528703292
0.18014452882436455
-0.06953522172347053
-1.058310350424792
-2.012936031230979
-1.6085652459046114
-1.009918898242395
-0.842700668156114
-0.7775080133365065
-0.0756370843405188
-0.2053695197869822
0.024015675171701858
0.20062126007309458
0.3218981149478513
-0.848677472820399
-2.311865590800474
-2.1396470939665866
-1.3230664787084703
-1.0460507269086694
-0.7188894585462801
-0.8086245367155788
-0.37440398247562356
0.3476529248546211
0.6362838054730975
0.15477850099113788
0.11080491157593451
-1.1173544156179553
-0.3282593929724713
0.1106713517428492
0.5459063232439437
-0.5192937525566217
0.13734893548981084
0.15855263087820742
0.4033414606009056
0.7629191084153658
0.2755671428312474
-0.06857701960919019
0.8467563386856842
0.9847432353549643
0.30803589851752905
0.33579460716142606
-0.5943350141237114
0.27693428246023816
-0.5435615497879939
-0.1713662946928521
-0.2708042509231741
-0.2772244760900695
-0.7857894534698513
-0.2170452340330104
-0.6768451939180485
-1.0175721963267563
-1.1712739923741842
-0.6577522747602212
-1.0710350379891345
-0.9022539776950017
-1.2010480034643252
-0.8864276197603512
-1.210106600788644
-0.7900386085790791
-0.19700818082063853
-0.018095165798156874
-1.359575881724905
-0.5677732736185738
-0.7651102122563772
-0.10241857179819046
0.5174540698115075
-0.06824675252449473
0.0655976187755544
0.18614289532647993
0.6140851050440641
0.6665044599867089
0.8454192087362756
0.2790261497791807
0.5781839558275639
0.03486985853959566
-0.8576693292946391
-1.759330162008541
-2.757255541198562
-1.0856115010654759
-2.6042585899280164
-0.4246428839647183
-2.6667974219384174
-1.677330499154046
-0.4890029181444641
-0.7406228904641791
-0.3059925106408988
0.21209978294172574
0.18956400097419193
0.5092568115695455
0.6398588213379113
0.4364767138029132
0.2595754329036713
0.22044955424326634
0.34792832325234224
0.5932816011997841
0.6611152483644904
0.803232977885474
0.28324664170110037
-2.5949375866663997
-0.5231050502146871
0.1700317766910855
-2.7286378981383224
-0.2194940663845773
0.05374714566899412
0.060307395608957454
0.14403863372248324
-0.07419402412351236
-0.14129025437138093
0.0938468940510723
0.48555380377372453
0.5904378246006857
0.3416677219934156
0.2500742263970777
0.08297100107373653
0.5375818255567956
0.8921491739946733
0.43006627310841367
0.7756330304816831
0.7357659250492651
0.40706915526438775
0.3318270043226216
0.1815625518628074
0.15180852483285426
0.008158057449146276
0.1738523082576474
0.63163309897933
-0.6752297671016858
-0.5107092896320048
0.05544207553916995
-0.49649610056382354
-0.22488938393980534
1.0045724273439163
1.072721205792317
-0.5727244620117778
0.011830020377320017
0.5945541277430774
0.03940307954795644
0.7952820964360537
0.6918485021475307
0.21569715707102347
-0.03598817797042607
0.7012140427879205
1.5448741068373477
0.23653049335304147
0.3248473686367139
0.5994113488076889
0.6368753531800994
0.903771512003725
0.6580930536176182
1.1629050202466569
0.9479080286235027
0.11974291269459567
-0.2650675566163087
0.188802979356699
0.482760127844081
0.6466096424295228
0.643383694576721
0.15473242749463564
0.5156361812345259
0.9511288626527873
0.5245116679083193
0.701045991066903
0.7161651962022687
0.2971141564944843
0.5620901137515362
0.4596491474250453
0.6631017184004208
-0.15441770855706208
0.3042468834588377
0.5256553399511418
0.7552273145020677
0.40915185292061224
0.04235922126337755
-0.5180802380087169
-0.29837568344840765
0.15436863113892538
0.5268888886966792
-0.19653992991046643
0.08432081136072012
-0.045481838588567795
-0.2715444038133465
-1.566140540225381
-1.1106424693603254
-0.4814792765207547
0.0871308606796291
0.212683886002407
-0.013490746904493603
-0.35761704850716
-0.3726989506635233
-0.06663680684890344
-0.1368449986644305
-1.464066945955409
-0.6104264551345601
0.1848254281008742
-0.041840540190756836
-1.2990376102945662
-1.1568571055184749
-1.252960310894729
-1.001854002536059
-0.724654086986264
-0.9616218404086567
-1.5898764448035392
-1.823425270894923
-2.577613386310136
-1.2967722275919842
-0.9567149667589653
-0.513186771299652
0.009820244729472918
-0.23129094711185536
-0.2394282646526435
-1.2113986829686316
-0.745503792186871
-0.15058547486476395
-0.9672547108722123
-0.7427924687837197
-0.31857350756012554
0.004219149162003458
0.4055669667700417
0.10648920433561622
-0.7483333347175143
-0.27251384315921967
0.3519349051725058
0.786190903075562
0.7004568966944428
0.8308520966730092
0.5708129228414092
0.5824996025014401
0.707207218323543
0.24117105980627324
0.7220453732625641
0.5299451197776
0.2482378134082505
-0.8760537934627054
-1.8290588189663652
-1.1800435311781239
-1.4076469121442605
-1.5487340253669861
-0.7625846620359295
-0.30849794263503044
-0.9070053040596596
-0.6629443254256893
-0.8011275576443918
-0.7450622255843802
-2.1333194460805136
-1.357684293767179
-0.8063365726728433
-0.17110498635271085
-0.32877428183269797
-1.7887318982668707
-1.367242847082
-1.3061001479450103
-2.249482313841746
-2.2551262795269102
-1.5173585087364645
-2.447615871228363
-2.632350492480368
-1.197256166084957
-0.025914263201358267
0.17665187444771865
-0.09675181178671528
-0.2541044983357933
0.12186387286076697
-0.4115617121828308
-0.21024118272851547
0.43164280904277313
0.40603057146813715
0.3860305569172356
0.6223562285501646
0.36954572387175616
0.5398427758598362
0.428299642684614
0.37797322719934673
0.5376779836160379
-0.04162582860930863
-1.9297515397883305
-1.1386274887984256
-0.7049288621538715
-0.13203439717666957
-0.08463194304097066
-0.9900622474591826
-0.8071020984077631
0.08566459372114663
-0.4062262462921984
0.33307324494570884
0.7577719424607996
-0.4957082238512618
0.7053242796671183
0.802544976753505
1.0109020906342336
1.159611499151403
1.0720236426410146
1.1029659690725813
0.8321570491922632
0.9366420014193951
0.38095558891016057
-0.45956593576907173
-1.69334044781186
-0.8224769143188084
0.19029223536117654
0.6437691372428735
-1.8916649483306853
-0.6924333120554993
-0.35729283100965975
0.01067635847473551
0.28352107293923523
0.3255586185410051
-2.098331572217778
-2.400049271095722
-0.552861072532235
-1.7414117788111625
-1.3421222022993033
-2.0147843672822283
-2.937893157980382
-0.8820251906274864
-0.5811971634323742
-1.1542641124488249
-0.23505040070998462
0.308903013364784
0.3480337919844732
-0.017267915574101515
0.42062576622361536
0.4378218413843991
-1.4207855298334686
-0.48536882022256633
-0.13969469498771417
-0.44578413315481163
-0.683474851820818
-2.382280264286875
-2.6413814512494946
-1.7698836558070936
-1.098581648332715
-0.7008893173385892
-0.24405807945490762
-0.3108359652195109
-2.2836018738358086
-1.1149806184433606
-0.29651769360655295
0.004642925433155352
0.20768419274836997
0.3391752664411068
-0.18374732065054505
-0.9444297257126584
-0.7315411147862565
0.05215176971740286
0.4341071119037721
0.20357296316766532
0.454458438326096
-0.1767570031039969
0.17267326851563428
0.054101202655808985
0.10242978961109875
-0.12786383578581934
-0.45664075127277926
-1.5307206609416384
-2.208079231773044
-2.574041596995564
-2.4714438587577594
-1.4655219597190265
-0.8955923381911282
-1.6489208495993464
-2.095516259856985
-1.1257881800356142
-1.872238195982962
-2.136302231263772
-2.1202060240916314
-2.4049739840291684
-1.7846510071550972
-0.18600144911815575
-0.9642019295125798
-0.3983012465584079
-0.2776329361069056
-0.9503595445988745
0.25239325082400466
-0.013631942044627691
0.34765524903659956
0.9874075663933648
0.9110273027389213
0.31495150602910715
-0.28493283512836354
-1.1080404253445226
-0.5241231125356081
-0.011869443521290558
0.21820690233194778
0.04143728633788909
-0.33566158548550984
-1.1631624794128541
-2.0962905937525944
-0.943567041334679
-0.9383087259093114
-1.2008473026359283
-0.8255118171147932
-1.6799062981104231
-2.3939698757238497
-2.589182354033696
-1.254080474981505
-0.7772405295029482
-0.8834009289226274
-1.7849905561065527
-1.243099129186164
-2.1857331092231975
-2.231541585193854
-2.281658913253393
-1.2582528498869752
-1.2790608555580247
-1.7979611355387461
-1.740870414396614
-1.857316251764509
-0.9444012070613953
-0.11840427829277697
0.26806984319307037
0.1746656641672114
0.1551096665564134
0.31031381741098396
0.2078752510003649
0.15135829302637407
0.30320698958716386
-0.8716276442860863
-3.0328053277082665
-1.5115924411859611
-0.5778027458787224
-1.0933498441912484
-0.9134861170309742
-0.7117549193761915
-0.3692868068425153
-0.9990290615073725
-1.217719629572363
-1.4007704044624296
-2.1800691296968346
-2.924071494582265
-2.675714619912239
-1.984978657215139
-0.964199753474421
-0.6915278028469178
-0.20588553570582055
-0.10464091236564554
-0.05292708708309285
0.3343193318308434
-0.7453190865826028
-0.21261132785669393
-0.4120517512005783
0.3559261002694716
-0.06709568514349148
0.5542454232775241
-0.15517544346109857
0.3093008264170144
0.629783174413075
-0.14912846117576062
0.1398019879168026
0.31153014168719384
0.36371753872943696
-0.5855150239413894
-0.2084430692123941
0.15415192384863927
0.2241834876368374
0.3635892187896014
0.2640035785840968
0.14330259035355306
-0.24518405620710493
-0.45334809220540284
-0.42523445944200555
-0.3327658612426003
-0.140401455775098
0.3067896777190485
0.3765558231440843
-0.2959401546408567
-0.6527580457811787
-2.0326821484837185
-0.018181626362310573
-0.4352332803300527
0.20552971487499405
0.13183229191414902
0.16185356795239667
-0.601313011204751
-1.0282059061360656
-0.9847865084246618
-0.20189565326687783
-0.5497346063757464
-0.2304121572586607
0.060479421942483
0.24975549115877474
0.2914450922103972
0.22242215737434437
0.33346226082437863
-0.006649362180996836
0.06464218197919613
-0.03402842919748182
0.3548203129994117
0.22989236736608298
0.31600695001108653
0.19701802501137286
-0.27589124265228065
0.15361954631734423
0.37755683042250315
0.19565097623240457
0.011162752828695709
-0.12422739312786646
0.23503965674599842
-0.27365182288422707
-0.04153296410812719
0.20924771272664525
0.07110269693700721
-1.0641748708436305
-0.4172910118647164
-0.4917492074152365
-0.22924898540872016
-0.11544421683885536
-0.0024938657793814214
-0.1955511017410053
0.006823714754982185
-0.02145171051942418
-0.4701028776195104
-0.653873977204212
-0.4597508636452129
-1.4458435999485755
-0.37328499904660345
0.5505848310922137
0.3569476664891728
-0.1858923620350576
-0.49610293323796023
-1.2036967750490315
-0.7524297552426866
-0.3327682050668574
0.018141125793230347
-0.23920858498685424
0.024495068415127195
-0.523939335907966
-2.438089891853394
-1.4724745354729993
-0.6894968147021784
-0.003381202352775093
-0.04501180844094005
0.23924121944381058
0.04075186862557194
-0.3686308132175676
-0.3411009461516026
-0.10785465943025438
0.08579805439209953
-0.03441264130141991
-0.7834665325428599
-1.2213950054424463
-0.40099839024197736
-0.47959896060283647
0.0003507604204781066
0.011601695543577383
-0.4177186362033093
-0.1349228496840027
-0.2187782362506871
-2.182226634257346
-2.3822136177720203
-1.5973680607015333
-0.2805176101041759
-0.028985030326440307
-0.41404875303082195
0.09997153701337194
0.24907212761276934
0.39990345488433926
0.09520819908474956
-0.40759459041085255
-0.5722310854128682
-0.19438764973130065
-0.7611894946741052
-2.6064275037135154
-1.3015897111372086
-1.3991646848548789
-0.9962650413623818
-1.9209559700946777
-2.4854232014281843
-2.093789423020803
-2.2750297716429437
-2.257974794806136
-1.3549389071005995
-0.44408674596658226
0.060726803493948704
0.0804950443454498
0.36651323489025106
0.19431759633578946
0.13613213589773834
-0.7058258709331636
-0.8203433735690795
-0.3466390668323187
-0.037357965614133806
-0.40041587895729586
-1.8356726275839212
-1.0177798731851193
-0.2698685673910668
0.08460540593474282
0.4343152632652234
0.5020035232561482
0.2095667136727104
0.48421359370566874
0.7707935285279701
0.8388497939798344
0.7872096346530224
0.3675515005222346
0.6067567032020691
0.8211246383349546
0.8439242317079804
0.013748319126399863
0.2632241352426875
0.4286231728856993
0.40458962923706965
0.3962152241027958
0.22820753439063143
0.018358587473450722
0.44556971958664277
0.43060959023292755
0.01436223426837168
0.492932212040931
-0.17426800682069196
0.16917947159125557
0.08302981956215016
-0.16335862711902155
0.31673884023380056
0.5062099325857544
0.5275952086309238
0.14720592530053545
-0.3735049655438675
-0.18528349803238092
-0.7761635748234841
-2.465042785633545
-2.530852481462051
-1.0561848987340503
-1.317017053417961
-2.51568188633474
-2.767035606939819
-1.2138889213878066
-0.33516382784391746
-0.38328726229243526
-0.037181839490507844
0.31453771090203375
0.22093434747991417
0.2016804336182861
-0.8537386797469535
-0.961173477602161
-0.3627246157371386
-0.12083890236459384
-0.26680251401371813
-0.1536432101672657
-0.5501243396191506
0.021682036516183542
0.12309156593775031
-0.8680491909306096
-1.9889143531218259
-0.988829772319568
0.31629986554795697
-0.09468782141560733
0.11200119949103657
0.3721906586852244
0.7832222273510223
0.18878839654604704
-1.3418724403857798
-0.5106317453166067
-0.13898526692683538
-1.4946700719378003
-0.3721138089339612
0.03311546670956897
-0.2378509530727143
0.10169458294929765
-0.010449437597767727
0.1520040633285056
0.05855426708155879
0.33218831160956325
0.049577052613873906
0.061233989075972585
0.3780372917280293
-0.09300241783998182
-0.04850573792888698
-0.20162978846017404
0.04295442285722899
0.08281655955417724
-1.8161902084633321
-2.810274213448458
-2.431416045203132
-1.1269849711981699
-1.146933840894927
-0.4020613504350872
-0.3860117717416683
0.09803108813468275
-0.07011638001169813
0.12291579116045558
-0.1708730904185292
-0.01586886588019263
-0.048582598860181264
-0.09267736536185565
-1.0566585891783378
-0.5099365042422542
-0.42378501121181905
-1.310495156964505
-2.0477327116205766
-0.9669008279859002
-0.31179828067865367
-0.8379684124738285
-0.6593314408404936
-2.3567642193396834
-2.600771530865259
-1.3596595543482999
-0.39232188421767417
-0.4370461532209416
-0.07331861605501519
-0.33161522001640314
-0.39532683251407236
-0.2591875096830804
-0.09387462586612937
0.13725120068570687
0.1773861378841166
-1.27162496137972
-0.4838619113430554
0.1865055561142422
0.20976015825745825
0.24820870173021295
-0.16040468209163156
-0.3944945403023234
-0.5139203861762826
-0.8338432228605279
-0.510867312290686
-0.4499885674874091
-0.37398250538898054
-0.6165040240186866
-0.3151893879377291
-0.24669611905574423
0.21588328680101
0.7730289186371747
0.81203824269137
0.6845606369228753
0.667255793347329
0.8923194799857309
0.4248156097918404
0.05780552705736851
-0.08974197674728109
-0.06409684564227403
-0.8137594397797809
0.011212944851557808
-0.12823970617884345
0.03493459740629639
0.5376158906774794
0.48064629397370895
-1.403106482456956
-1.766222767700811
-0.22082363544838404
-1.242329663717563
-1.4681040335869902
-0.7748541902181814
-1.0626628859282978
-0.9430572377070117
-0.3975991321757987
-0.12996382148544613
-0.14922429085403122
-0.37348044423642923
-0.8663541322222134
-0.4101971992888596
-1.8420179403352026
-2.6301044793174317
-1.3112784691808501
-0.4259518781750285
0.2447927650525728
0.043120473189448325
0.1947410621380995
0.23127422671592318
0.4786355098782629
0.329359380902
-0.16551815440867587
-1.3485348637514416
-0.35775688641791503
0.28740467624614846
0.2913850405059985
-0.08152847562399948
-0.869857022691049
-0.4033910665686599
-0.2774353983982924
0.058730360900781625
0.30771562368735583
0.11815554702237342
0.3595691512133744
0.24094272027305072
0.1328981272898619
-0.13840813253350984
-0.3107659928563465
-0.3689427471540788
-0.4552942268651998
0.05022196090493378
0.16120176087906407
0.4936473451911736
0.1064445807148829
0.4310856892585072
0.8769423451606683
1.2267260486214537
0.8284972001087361
1.0318530723803783
1.2769080444212526
-0.3953132299147865
0.5824819031295049
0.5822440027348428
0.45752129685174314
0.285468745677998
0.11208544872825382
0.5073523357005776
0.13764311002293736
-0.2167594581934793
-0.37598929800402286
-0.06894420178984577
-2.334046872145652
-1.610595987089725
-0.35740936888248354
-0.34414861402675995
0.16287628993959996
0.2841750650339893
0.5628643278646485
-0.996500947284986
-2.405319733538274
-0.6652871606529581
-1.7237523631188854
-1.8357395469530513
-0.3841472654403332
0.11906736972873451
0.508971402862259
0.4571489654909627
0.27989814032778654
-0.6413978847230413
-0.09311977249698603
0.2163756455300787
0.35092976140340126
0.11714942571683455
0.5059961273541286
0.7545130713975813
0.3781626879458003
-0.20221964930963707
0.23464421864472998
-1.0394873770523103
-0.13267076242391787
0.09098057782987679
-0.26580158402154314
-0.5252457816234648
0.3993540612761969
0.3791050758273628
0.1735028201664825
-0.6051482662332092
-1.2252577592833456
0.44170121276997304
0.8561290562289559
-0.3317670964279398
-0.44359090551786257
0.038364279274740294
0.48629391120836174
0.7977793391425132
0.571215472095778
-0.4492564266849202
-0.4998434798408869
-0.3846439773634459
-0.2339222272384417
-1.7002064624529998
-0.3453678312191254
-0.38901403058028233
0.13261459473294698
0.10222982118724917
-0.5411435230265618
-1.1546606013165115
-0.234779796186368
0.4908870635978834
0.5232912991696433
0.37268587756662375
0.8376770294307466
0.9756376020329562
-0.29727203537442964
0.25531554432285575
-0.4068392634413916
0.20283629367142822
-0.44859167828012003
0.7787496163595679
0.48386308685257035
-0.4726239469859485
0.1286654328019743
0.17755365567609463
0.0161173220750711
0.24469110819458637
-0.45113065666572033
0.7293780139908189
1.1216385661416057
0.13795410701972044
-0.6603495316162347
-0.8236406568404101
-0.8844785921610157
-0.5448588853683967
-0.6215643928573731
-0.030647933019968487
-0.012437020206731564
0.09347232936630188
-0.028147090916607227
-0.024966390662137874
-0.516159713216832
0.26121498729216164
-0.05210764933973294
-0.3308070337939243
0.17872770173464503
-0.13083470389457744
0.5198574587059558
-0.08314698375196602
0.7820362444912168
-0.4456504326154018
-0.5525826923407491
-0.028114231292681813
-0.05852795713149885
-0.13403320065809424
-0.25927476665248567
-0.2953279200940621
-0.11491981352960953
0.24497674977583725
0.14556100220149423
0.5553026740170527
0.551610856944018
0.28397155797675316
0.6788788521165704
0.599734577117359
0.9132001879289955
0.44151699973519726
0.5761611263035947
-0.6524446115279403
-0.08909996059850767
-0.6423468918516473
-0.3414400250917155
0.18911649884159448
0.3478402679058678
-0.10036032802171883
-0.5724743389646085
-1.4276711463874079
-0.4978315100103561
0.019215767551357846
-0.10119382173794574
0.11048858259627863
0.3520269937007529
-0.08765174706846067
-0.25669790506298296
-0.024036173101474073
0.2410739190088319
-0.16185978024489686
0.33573921424324193
0.20958807206728897
1.0437771872946955
0.9074751504187454
0.9409865596068328
0.9256277940884726
-0.3527449927122839
-0.36372382161806105
-0.42901451476640023
-0.10291623589631752
-0.40834317076794296
0.21659038157091418
0.6106916415599988
1.0774222685803034
1.0928305657651953
1.1858874839861095
1.1610472494906667
0.3666990847385286
0.9605153490842746
0.874851239030868
0.7057373086674679
0.44803380307732626
0.541903705083357
0.19182498690409322
0.23808924036602708
0.47349041271050557
-0.4235572342430931
-0.31755704104385957
0.09222013770280882
-0.6565905762008583
-0.4642906071369151
-0.5871838802181704
-0.3691588830357875
-0.9319620848034842
-0.21182718709815848
-0.05664779896237694
0.059683773699145334
0.22307552817736911
-0.18982251252185195
-0.15734933937852164
0.13270039961865254
-0.18138558221265594
-1.262127311490551
-1.6696082148254487
-1.0719246978698487
-0.8334028063198978
-0.6281509809174609
-0.34224335179841764
-0.43848203790535295
-0.3780389331296479
-0.5015700514425319
-0.3948779733810972
-0.22437437798461532
0.04161254720475815
0.21365926763066784
-0.03821167209123824
-0.14277277662751317
-0.12290716297668015
-0.21365923376967005
-0.26925914755779223
-0.6517244403597136
0.31324055205437384
0.4885469398906857
0.3321974407616761
0.5462081400074706
0.3879457287374738
0.19538891178826512
0.3598749584816833
0.38202328499753063
0.5842339029734552
0.7905082965782279
0.35094968736829785
0.4451026260741868
0.4744895725653339
0.2540798841785904
-0.47616168960279437
-0.5206591471873523
-0.10066846222633645
-0.574315451864113
-0.3255751415591202
-0.14042959626293428
-1.6670620665039937
-1.284765552128225
-2.0880342472426805
-2.1653270066397443
-2.1265227966001876
-2.436060434937266
-1.9238793007767492
-0.7348728459267037
0.13697849869802328
0.11026827015895524
0.18882266378934878
0.171981822888457
0.1415781751443324
0.5006472037832135
0.6347958593422901
0.3894052543865938
0.2359315066216244
0.2674698945312632
-0.1077927628100247
0.1008425315226916
-0.2862879788714632
-0.3450398861765716
0.10463612835546332
0.3568566945775274
0.2903955046483992
-0.7337773473839319
-0.24214047047139217
-0.1780073919626054
0.23331541961141858
0.27105721655631543
0.4178834928630114
0.5215953503439802
0.36601804480633165
0.27565366012002857
0.5174869934827228
0.36695867538097476
-0.11202026555940614
-0.11868286060377965
0.22576651546159077
-0.7263565345920905
-0.19897174860206648
-0.40875394827518147
-0.19688917843162346
-0.726779017483832
-0.5692956141354324
-0.3468659575451093
-0.8335139406063581
-0.33647176275558854
-1.4082702110626246
-2.2103459223131114
-1.4264802370381644
-2.0332968781841663
-1.492182276373336
-1.4817713475018555
-2.6949688635457565
-2.65726275597602
-2.706805534043609
-2.8716341902309215
-1.9981944251090493
-0.8776100043802437
-0.24364301983851278
-1.825205676223949
-0.4784051557207535
-1.9772358484479369
-2.0935685822928622
-0.7761364129880629
-2.5343471328996023
-1.4623635366778867
-1.0357537675945563
-0.005376702355660112
-0.7372836124637966
-1.0835924799935233
-0.8975325114315706
-1.5639846940376327
-1.5082601728573664
-1.2525593358105294
-0.7366214801477959
-0.9085637857011853
-0.5578842470370217
-0.1468523860578281
-0.312848860305156
-0.3400894086393465
0.30863476854042954
0.6658270528488383
0.6980248502604004
-0.016034064634496806
0.02042867602571418
-0.10855152924671689
-0.2106877243933705
-0.060919726613845246
-0.1671288623310839
-1.8595359052285911
-2.1845320575420475
-0.7644968815263558
-0.3342732791248816
-0.5491762842920653
-0.43739408275617575
0.31852033703598903
0.24904675219443118
0.3305307114934271
0.5993221772651073
0.24158673306513156
-0.8518692037011003
-1.4847101795751865
-0.16602981852536927
0.07965064777041715
-1.006383438781091
-0.7399779331723194
-1.066291046950077
-2.1807302910914466
-2.266900757797092
-1.163867114621245
-1.2300593520448582
-1.317606847526964
-0.9793721869986168
-0.46247366463455114
-0.13614667020925175
0.09847660677673531
-0.504663542436944
-0.6614405781424458
-1.3126943983814094
-0.6948775587096057
-1.0894033232390172
0.059528425208296064
-0.14366711957491338
-0.7444237591276425
0.16857332230576588
-1.1632058390184208
-0.05679710658054379
0.47444264325315216
-1.0429160318691582
-1.0462923322814168
-0.5999851585055379
-0.07189993891901102
-0.7812696960327978
-2.0629594449917388
-1.119475484893336
-0.6504918104199259
-0.8106004652354803
-0.975007196734087
-0.5758834016392139
-1.530672272082685
-2.2486301928027737
-2.752858683928522
-0.6447185830570079
-0.0905243398720776
0.3665254675966173
0.8544159389309457
0.14238873180835865
-1.1252292590216117
-2.1932148343595825
-2.4638383997401005
-3.0337012926260405
-1.5339032419773906
-1.456033912404719
-1.1677314450708798
-1.4165334738993556
-1.0687431965673615
-1.9754832788355405
-1.09630194952383
-2.0889954855916173
-1.667545272926843
-0.1521622066229185
0.2544874471331296
-0.12673845850301727
-0.4871424020137369
-0.01538417487610398
-1.009623232939351
-0.34791274995236293
-0.22383094540541393
-0.793767659524556
-1.2459380305259538
-1.3627979532546335
-2.568419548736906
-2.365950103558217
-2.34780621567695
-2.385028033715079
-1.9104446465594733
-1.0538054383694349
-0.7740131376573528
-0.4629464948050539
-1.0735583921680076
-0.5442080378947929
0.03587161381000176
0.0903485370902612
-1.0739934423431419
-1.5179414442622785
-1.9109034967551353
-2.253344285238564
-1.1451071978326197
-1.5929047492642279
-2.3116452371803966
-1.668330077170718
-2.232110875445027
-2.477730811782325
-2.2495399189037983
-1.9227860419332736
-1.5831750927301942
-1.8057103296624655
-2.4258551911934467
-2.1562740771078683
-1.2991016417148602
-0.9445102900124069
-0.6369665135638022
-1.005925109025698
-1.8695676407986705
-0.18635620728053323
-0.1325052521884217
0.122336662354279
0.22525594477128386
-0.08351425682067914
0.46952666638885093
0.648272724175521
-0.16377233893906074
0.2413093445092438
0.7164027941550725
0.5899890654585653
0.8721513634533752
1.2527350682584153
1.2006237719272914
0.5992211433290571
0.6880928314541803
-0.3694036347360089
0.26056259468994014
-0.5504899201586063
0.4072354455201416
-0.23187674510904174
-0.16228104785116398
0.2897789107569189
0.5680711026016958
0.5646408804273791
-0.10173358470631
-0.2930252564543713
-0.9349172736181154
-0.20013250306485184
0.4017695230171629
-0.051090169632030995
0.09740171331527524
-0.17335778514938596
0.28161544402257566
0.5781777681103134
0.4975265563951034
0.494449518480204
0.6824126769696424
0.5585087368842417
0.6467896486329968
0.25873218538379994
0.7046531393475586
0.7466016027984695
0.636146502365665
-0.7825227408479282
-1.4236654399937128
-1.8867553541931144
-0.48981550803854434
-0.9484787756294096
-0.4776117840055126
0.43620956584482434
0.33305951770092873
0.4835972127147222
0.6367312080083006
0.13635948038066914
0.8687505973943886
0.8519912532841752
0.4989477263443719
0.9628782951715903
0.491278780708269
0.6060857841810567
0.8037152197301065
1.1729676675488072
0.8384066249965475
0.38031829589683774
0.6914182763346334
-0.5548795329377442
0.17903695410291925
0.40359665087782765
0.5059352654243491
0.4156943234756418
0.55066537367978
0.1783793503850668
0.3374907576124857
0.16581695953999515
0.32025275894458555
0.27594917876878383
0.8157655235714468
0.905768728076103
-0.3637228837496179
0.625956420677566
-1.1671592457583515
-0.30273413075708716
0.38098345450704113
0.8159931212218275
0.8110213237978363
0.9148110361913185
0.7701498024232863
-0.114837581180763
0.3600423794521174
1.1815224151816057
1.2412292745473446
0.9013344839036124
-0.3539001325304204
-1.015236522238189
-2.0612242713262785
-2.43535942931069
-0.541734253056363
0.7156833324158702
0.8616891231570614
-1.1359035654093073
-2.461702808074013
-2.0936300194322564
-0.7242839893144603
-0.6125752062052168
-0.6187648489301815
-0.39100857745071593
-0.7421624754136237
-0.27795914281465406
0.36907423622238295
0.31409871298287184
0.36786486396731255
0.3065536953133278
0.25978967489058635
0.6960982223265528
0.3711132161801378
0.6617426598896046
0.9738269006774379
0.8287766096401944
1.0115625204002838
1.196449334659799
1.226222221940849
1.1266006640693174
-0.11507170084652808
0.06513304707818013
0.21626646095184393
-1.4249326768106079
-2.0914245735896784
-2.845458149590177
-3.0049163159785364
-1.1365373956681295
0.1172608358410168
0.6947551080366928
0.7012409859486088
0.8100209392551643
0.6627895685407589
0.7808569769819008
0.8581865259045103
0.8417909269352291
0.7293144247723334
0.5835199580846196
0.1661197710421354
-0.17050186634316766
-1.2997926461865232
-2.0666951236352062
-2.3256268379865026
-2.2954703730316153
-1.3083049927134016
-1.2657993315124894
-0.9512994542823864
-2.236951673450223
-1.2967027281382593
-0.22050111848816267
0.4081026334467209
1.0139111337254814
0.6417129812136864
0.3324041590131849
0.12246655265472442
0.06235759000718204
0.009723904631927238
0.11504894987034502
0.6129538005108621
0.6177380217924718
0.7923684749780221
0.12655462595878855
-0.47606383707331124
0.661557294360674
0.9166010314650339
1.0350582164914128
1.1351053117426055
1.1270585895092713
1.276469607579657
1.3110942364243137
1.3427303082925937
1.50811430036841
1.461984607618905
1.4921813783127063
1.3893189144119404
1.8806790166474854
1.4834295703388558
1.6061771189866492
1.6135620079233064
1.8110995598020185
1.5598805351075022
1.546479696304356
1.6560195729763543
1.916578696767874
1.378827544801285
1.8263345076258632
1.5637781593417117
1.456015145699496
1.4478127163404957
1.5394145102592478
1.6637504073846825
1.801765267972555
1.7002192460090517
1.4868150068505472
1.8520338705555863
1.2811814571332072
1.0660449827739167
-0.36048844942278413
-1.958640428036725
-2.57556533333333
-2.237424228867052
-2.9011737230743333
0.1304192285631025
0.6026691022987981
0.8385607233410438
0.29182201226673576
0.6369664539704154
0.8397220069588012
0.8191431036316736
0.862737653131508
0.18198761856362564
0.14121049505449546
-0.07841587845556376
0.07018888583434219
0.37822232229462305
-0.3971699183797453
-0.5907802020844725
0.1200190049495523
0.5550393446926971
0.9355010600918446
0.3592543572650373
0.5774866925014074
0.6138023004762809
0.8399785550023352
1.060665207029705
1.2135869012083809
1.3086673219113336
0.4682859815237305
1.0638183984778768
1.2918318608779809
1.288031302213294
1.2717169189668727
0.9760607547523327
0.8258671550619455
0.8968242073065545
1.0332667597949623
1.1956906612096891
1.1126519502759447
1.3690599568105095
1.3037948616405646
1.213911999517984
1.3522274865820783
0.4145589951419247
0.728701689647715
1.0020624771959228
-1.8369313962968388
-1.5129005976961187
-1.060229315058369
-0.09111550665196172
-0.9859171259022224
0.2901287994595704
0.5962255835022816
0.3488046978392376
1.1079280253393118
1.1512416966962693
1.2713470298018745
1.4351331003521837
1.5189025278930606
1.1329092321516794
0.6498427627698619
0.4533490196406052
-1.043079874200358
-1.764370110608434
-2.4504224920999764
-2.0855764925973452
0.25691989222392675
-2.2288565089742787
-2.26819435748501
-0.6873517433565058
-0.7635782322673351
-1.6895233045620992
-2.7482503615476475
-2.1123436466184002
-0.9376208371374012
-0.5587826509749199
0.14753572210702856
0.05792199248818426
-0.22948524635834436
-0.6776018717657332
-0.8198080641335292
-0.06866816437322416
0.43699394837782024
0.7572162565939361
0.7605328864871403
0.9616856465435935
1.0568659362909774
0.9776943101436285
1.0952567383501448
0.08352308739855734
0.47386604868147664
-0.452785703070988
0.29932155204988325
0.4942134009739664
0.24213155014332927
0.4299984584114603
0.8997451227314568
0.8560049962089537
0.22850454313670196
1.1285814661067612
0.909703362544927
0.8707879307672749
0.07155234902519894
0.23789173344356068
0.2409536251528065
0.19664624530213518
0.18063204865791965
-1.213984120556686
-0.942515102319235
-2.1150109596059674
-2.4385397659814942
-1.2064199978013939
-0.7657693525524152
-0.6003285021185432
-2.547298987681962
-0.6374614523629524
-1.217145153728771
-2.5034599082187357
-0.2240704620977047
-0.05048069156216433
-0.3819837488768075
-0.27252962253386737
-0.9152105318804012
-0.9277383900379071
0.24701905822334233
-1.086628886427519
-1.667182359597634
-2.2286212031568904
-1.6636115152222615
-1.9378927300117146
-0.3260731142531503
-2.7645585246922053
-0.8723059883243919
-2.0341701811893036
-1.8580101193924414
0.1863137435961416
1.2083439133663694
1.4536668101936754
1.3765097191702036
1.2643261056781547
0.7173858141533631
-0.43354493577189096
-1.0451958808816357
-0.4945088897454533
0.49045789486299857
0.9208549521278853
0.8063529883260486
-1.4941278391610437
-0.2708174621925887
0.5341395650415183
0.7339659975301716
0.9334280474920853
1.057981858903346
0.9993149856534554
1.3208188391241136
0.9297413140476996
1.2955814102120091
0.9566890753238688
0.8631775835766444
0.6786657760310236
0.8468699556134476
-0.6237982948852316
-0.42378791301463464
0.34778176092797675
0.9961143301128784
0.21091668236019295
-0.8136676500105108
-2.9762911592929995
-0.96757585045663
0.10762361480098785
-0.802155088799535
0.9252906126082223
1.211116978417686
0.6288556447412542
-0.08365962001504594
-0.025185110438382223
-0.06615392546133854
-1.0223747180876857
0.08202481552244564
0.504326210842324
0.8001936196062625
0.44842172261545615
0.3563169832822129
0.6108106877598393
0.6188702710671656
0.29622856534233394
-1.1918632659717077
-0.4994069989400271
-1.6858353830871833
-2.3786057469780935
-2.818619089114215
-0.8183419398096691
-2.5164284398230796
-0.5209490900016104
0.5805551869001179
0.9948810142163359
0.8205823974210217
0.33518105849369695
0.6797547283906312
-0.1468274415885055
0.5080380904977099
0.7810673922558234
0.40214226812117054
-1.3365512671754418
-0.4255716917710897
0.0013196619281172235
-0.044619458579685564
-2.706307889117318
-0.4971019973128496
-1.9218036780134258
-0.18821078226070312
0.5705360915636868
1.2330539271534389
1.1824469725162838
0.8415384193779921
-1.4306484031664888
-0.4735361082674374
0.5720134380181844
-0.013129661520752683
-2.3532416462464307
-0.2836037251004207
-0.4715150917956931
-1.2830585592732482
0.273569174196622
0.32122306770637343
-1.9183593985126015
-2.0549243969553217
-2.8018106383158177
-2.470814005243273
-0.9141295439293888
-0.8679735479012206
-0.3192642643811227
-0.3140932565311987
-0.5882566999611306
-0.4022377818167897
-0.44318497920248423
-0.1262334582550053
-0.5849574628990017
0.17592480767397936
0.22017800396032222
0.5831718917131343
0.5568517410433025
0.1901406131090662
-0.41472340400787766
0.07845631333974475
-0.4636091049435387
-1.7120866881320524
-0.1958577491774983
-0.45248515888738006
-0.6109473990722126
-0.07326004260794469
-0.8661399738425142
-0.29885594533446486
0.1360070210501631
0.8195515254073497
1.0003408873017132
1.042807493547387
0.9216364823555817
1.1170845217843963
0.16869347122453596
-0.10460450312197977
0.003407910740841362
-0.4106748122076762
-0.14471828172017417
0.11360404999066756
0.2987026929962287
0.16636636830031531
-0.41510134496650863
-0.053932385395367904
-1.8151465383522594
-2.7727836498937846
-2.6655024699748147
-2.6040394262937108
-2.556667604004312
