0.2263800053923749
0.21354487936840616
-0.08549859523329667
0.0607357408262566
0.27021487812537553
0.16954402908377397
-0.1590485223371918
0.20645826233882097
-0.08320216029616845
0.2264259506133276
-0.6125438015384028
-0.6152223426828242
-0.34392867327677457
0.07583117152193697
-0.1432957927478148
0.0374454604405548
0.28193176625130273
0.36658565680663574
0.3482730199501643
0.6897318380523934
0.6805520142113783
0.6904520198990187
0.865161087438248
0.918735330077574
0.8884289244129235
0.7833957693585649
0.9618261562366319
0.5043371838724968
0.4258318805734241
0.30931482330731314
0.30380237905954705
0.6574121226394551
0.47403648911705104
0.5283681340830408
0.5118278553144975
0.3062196913961632
0.6121150976116847
0.46580984800267605
0.4757987478425438
0.5125895316832172
0.6637808552279956
0.9054229458980361
0.6646969787930104
0.36512390307518755
0.3286985320528982
0.08510522690516792
0.4614657039801519
0.6638365655593452
0.6638872870662242
0.4897796214937124
0.33788548739216734
0.2729895311039003
-0.05789620411109919
0.32764075765911155
0.1556405897548147
0.3430814154713749
0.422354276044598
0.14080961604000825
0.7892819836156777
0.5623883637265528
0.6418522343777437
0.09037621795049317
0.06830234810905494
0.07357579777041351
0.32341860780926773
-0.047706831927660454
0.12706979389716
-0.3788607378013834
-0.6561467574145554
-0.3613731882168637
0.07883839733939374
-0.43901265343215823
-0.06425886855294627
-0.01931413733674192
0.5368307113518425
-0.15260990760617407
0.16782535934260362
0.5842287782488724
0.8068297536877218
0.7237160816885433
0.6396366349273945
0.8510271467178374
0.8863458780360949
0.5690434940845044
0.8375791102844725
1.0138669478335391
1.1058684035207222
1.0124403621165285
1.0307193958934688
1.0673853395938353
1.2072611202694203
1.0472865050836522
0.7877908343975162
0.7884404471954292
0.19433122955656607
0.3454874143758537
0.5411083814066306
0.7211571994362436
0.7699680718985915
0.6636683253368041
0.6843131948701737
0.6522010915210896
0.7842280504083412
0.6087180064148725
0.7583478820018443
1.0191992595605417
1.159874625560836
1.0525605933503333
1.0561895231349516
0.8650119229586575
0.8796230708377699
0.7968508843878037
0.9052553171307196
-0.03591062940326328
-0.37059647753254227
-0.3697471341240962
-0.4089975540227793
-0.27190790417233457
-0.12824099938322667
0.0043976548144311345
0.16502927068883866
-0.1531470206142793
-0.3177136807875691
0.17007262424707092
-0.007818635251960387
0.09911715247579972
0.3566896933154073
0.6215553094434605
0.7976329890065621
0.4328332369256335
0.8862192131891857
1.224243253994442
1.1564774961203383
1.0954103384984262
1.165068212704534
1.2361875471595694
0.7724959278469605
0.7801899311648346
1.0047847644197956
0.5579350245383787
0.8272100788349543
-0.9128116686034875
-1.3522462201409224
0.11555427879105701
0.6170626937786339
-1.1817939173972931
0.42169305179694155
0.13700495041600136
0.6428974760658319
-1.9557681141791197
-2.7238129629502463
-1.5185898568764131
-1.0037725145728607
-1.9020418373705514
-1.82618121581257
-2.598168180930591
-2.2563669593988207
-2.1620219896205133
-2.0635040277797203
-2.3571485313022498
-4.136258338912933
-2.214723134519199
-0.5722245695735682
-0.12802519202004872
-0.25657621802278713
0.10264425632200985
0.563329220172041
0.45122818049242036
0.6646204657302148
0.7318721005613822
0.8842343568345894
0.7831866719277434
0.3681045501824282
0.9808533395520278
0.9743904402291099
0.9379023508040516
0.9859839635743877
1.1433033864336226
0.6112489859609032
1.0087657156476184
0.6231185044386769
1.1208544690413411
1.0401565285551446
0.0627469358874197
0.6095618408100809
0.6252485700102055
0.7584307964804915
0.10679702847268241
0.506424898762742
0.35855201722376234
0.5206839711735205
0.8347229365133708
0.6608854301357108
0.34059006611398396
0.5291197151590465
0.11365685498274641
0.02340849623296065
0.14532799195911356
-1.0676085544189797
-0.2147900817947705
-0.3850696866987894
-0.12521799455562901
0.18073422840774794
-0.29683506508112617
-0.584005918285584
0.08408247223658505
-0.2590801049148442
-0.2955165783159796
-0.5777475271046203
-1.183317313140745
-2.686082701041963
-1.4278751069341284
-0.35812630902263437
-0.01273952260884298
-0.25316790653839916
0.1954825860215571
0.34114730405314947
0.2677800022868358
0.32410923829690613
0.23458347543539232
0.572301123432523
0.7182803702381257
-0.3285036748594916
-2.1662589538569494
-0.8544333945069942
0.151292660966524
-0.013916047690783306
0.6168877667305837
0.46710222525999007
-0.037317374265708636
-0.2291157195967694
-0.9734687940007138
-2.030484466251624
-1.8951511357604711
-1.3384335329273416
-0.8512290606030699
-0.6400509475909126
-0.3069175557347408
-0.26843506541498074
-0.051010152274522325
0.2522715481429532
0.3931556667282447
-0.6969488101563348
-1.8366774876516372
-2.0370031530543575
-1.5380647237005285
-0.977868996182502
-0.4496543899415833
-0.7235129967474625
-0.24489568598474215
0.20619873469364486
0.5355177184763609
0.017288221809589777
0.29934682185038913
-0.9396660186316355
-0.24674597706100243
0.22727021224609528
0.4044658715059081
-0.4645024094946043
-0.012196326790264667
0.09585807896041332
0.27485505305782937
0.7670111732150859
0.30363529055578836
0.09136294901464442
0.898551941913065
1.0194196141979572
0.51260612064543
0.3949262855097581
-0.28829598959562025
0.3992612941138632
-0.43624416332321403
-0.022470530067499883
-0.19723177913704254
-0.36498344399529814
-0.6730573732788225
-0.04575511106087721
-0.7299284196544717
-0.8548719137652843
-1.0778155819256245
-0.5179380201631413
-0.9457017831782824
-0.8125901897539596
-0.9899990939766592
-0.6105471759266123
-1.0831434143911316
-0.4463956014519577
-0.1294253316972525
-0.05596420658741505
-1.4132133997137202
-0.36077644168212875
-0.6827030480172789
0.22456665755870425
0.46242482141638014
-0.1123215704694687
0.19857512688109863
0.09249675983742411
0.5550873930387215
0.659248073887561
0.7286729278877366
0.35238322817584006
0.5902251810264305
0.00020159654373688718
-0.6434480288142288
-1.5099236593507934
-2.287674325676257
-1.3081529543352004
-2.446655156492833
-0.13182216480483916
-2.4216858726976738
-1.5500823110935886
-0.38265674555273943
-0.5443374161572998
-0.20450761152373348
0.23818577974757627
0.09099278755285795
0.44812013289545366
0.52106899493416
0.4608617751447674
0.308154359148807
0.1894326305303881
0.3241388351108178
0.6396442644657907
0.8173941704422134
1.253274601899902
0.236031734881968
-2.2116638827415014
-0.5503242007227087
-0.107488015346072
-2.7156480157500837
-0.5093452478479239
0.04293778754579253
0.2659751861151068
0.18932272260022692
-0.2606247913959893
-0.39595338735438057
-0.01717492375619223
0.21207203895358112
0.2161523024480037
0.16988993856466716
-0.01324748881423543
-0.20093724889814835
0.5437037329076926
0.6051494282948622
0.24509099318691874
0.573830763004652
0.6368238535793167
0.4217605062373971
0.28249194618888557
0.21072228408693905
0.20479884931707182
-0.005601112213325599
0.23564522413759192
0.5714456688196541
-0.5222264334693243
-0.5138578930693062
-0.07146192665305129
-0.6408875963738758
-0.3599018378719702
0.6438126290835671
0.8124373373458209
-0.4692981745486867
0.02586004417673987
0.41715416254766463
0.20482010385701566
0.7109990183858228
0.5163627102400037
0.2814079187877793
-0.15357308957189478
0.6787969208488598
1.6156230751617584
0.26089286838006104
0.5345934289944159
0.6785928969795094
0.7619648287548759
0.8911537946510315
0.5964141217884169
0.8821515007111842
0.7407082597312555
0.08418005194440142
-0.3253168537867929
0.128462801892392
0.4330294515483986
0.5542937172103939
0.6044097769488701
0.04880271400529018
0.44582282067862916
0.9133917732876786
0.5094739255740932
0.6172810452583744
0.5737488894930922
0.2982092768973918
0.5020255861191145
0.35408104838713433
0.5997541574000382
-0.3717238513796666
0.18571661771911036
0.5572956826844122
0.5562985208067506
0.44633283515659444
-0.043784180866791644
-0.8229248241803486
-0.3391997766783609
0.12167078703192608
0.5649493119060149
-0.30649146170083774
-0.01819993539422471
-0.150862191343456
-0.3896436010441476
-1.7655664043387864
-1.7423134319179592
-0.6070768527364517
-0.2509984714242086
0.28382374263106663
0.051296555820039946
-0.7130641883868059
-0.6625222918008757
-0.2011257536865316
-0.2359565523494837
-1.736203953613961
-0.5097169430387021
0.020556352155806257
-0.07562234657242611
-1.2461275097003899
-1.4230995955317103
-1.3677232957723169
-1.1907148985356855
-0.6810650878156017
-1.2161378366540092
-2.059028993378811
-2.3019250198363714
-2.2948645445556384
-2.0178787862544936
-0.825265560368178
-0.5014422680703767
-0.24869256159020242
-0.5675705684005672
-0.5504857797821545
-1.2184299011798003
-0.7776050578198335
-0.04621575400754796
-0.7868559440293783
-0.7252371052532915
-0.4814430703857946
-0.07262173489173546
0.34304903109213286
0.08183214491523028
-0.6928645499598156
-0.4215446071753389
0.03694618354598167
0.3429307856104445
0.28746676297682466
0.3658927720483282
0.3391945300763774
0.43295849068939557
0.35955009501288565
0.1840780212061568
0.4828208488186884
0.4558596642545701
0.2624647631746055
-1.076391093733601
-1.922543680377286
-1.3853716453032512
-1.4034128290168646
-1.7673893065624897
-1.3605897619582223
-0.37640583919601894
-1.0412731850681123
-0.8013601745832297
-0.8007246568530855
-0.6944482730562325
-2.4262701145900016
-1.4636814843275436
-0.776649691327622
-0.3875094272005658
-0.3617615595175837
-1.5102705910920904
-1.7478426967262646
-1.3706002111732705
-2.0386094897993927
-2.395899910447459
-1.5627247120622403
-2.6337752543548
-3.3631334049961112
-1.406292783664241
0.009818382400198111
0.06856520185229853
-0.2380305393390863
-0.42107248942687425
0.07840452623314553
-0.26308802014389837
-0.14152440126985422
0.34251494797369136
0.4812798001828294
0.4362815098307877
0.6201567803222019
0.39772435013948776
0.6392710219245505
0.42903223888850767
0.31717958300363497
0.3476757996893401
-0.09910165348175659
-1.4519830135071674
-1.0914690769969717
-0.7712305961368557
-0.29734756989400857
-0.18525095422921706
-1.2957798213836356
-0.9850741724939254
0.19318030307517564
-0.38862125829474126
0.36235863235274796
0.6183509880902633
-0.41362964991161877
0.4721875532895747
0.5089212982187086
0.8741519916282454
1.035709098948517
0.8431704731925913
0.8344918565790671
0.6227698776426296
0.6897558681192613
0.40303983435135576
-0.1826333323086627
-1.667435025909795
-1.1080190409313062
0.04635526462506684
0.5402814196799721
-1.3229286751726095
-0.8957757996996047
-0.5213320934295682
-0.0010424016740301356
0.21862274871156628
0.2873045446801849
-1.582893851293093
-2.5308619808264776
-0.5121248624704302
-1.7512688908558138
-1.1723550983760396
-1.9658836186951791
-3.2948848367484014
-1.1401472232224414
-0.7184224737967682
-1.2340292420258046
-0.2504710804467104
0.3836344887631185
0.32958160142211484
-0.08309657336627735
0.358697914059348
0.3479141908565739
-1.2326470967279677
-0.38412586856689174
-0.1890363577864934
-0.20631381708825589
-0.6451865840299242
-2.1351450919946853
-3.440420777347649
-2.320527713677689
-1.8315200785545311
-1.0365875336573667
-0.462840817609163
-0.6045047526532453
-2.23596257795053
-1.518829278020169
-0.4020015263984471
-0.20603388603005535
0.053766116064904224
0.40621697221212355
-0.22102080231288773
-1.0238382572499392
-1.1898902263188118
0.045683826805168914
0.49665678821449927
0.16588526660595987
0.32781434407139304
-0.008048530753531152
0.35320333068800375
-0.043184284564455444
0.011016538216950034
-0.25316168515322734
-0.4266216674301613
-1.7006521820317835
-2.4310361149239315
-4.071465660044042
-2.78841397819724
-1.3490843317209331
-1.2099917541616747
-2.149738497257114
-2.635953452094254
-1.305420793601769
-2.1236364959893543
-3.237823658494223
-2.1549541387982543
-2.5691597119449625
-2.0284857341609293
-0.2525826730915765
-0.8755162525666598
-0.609631194315815
-0.4235310365646595
-1.0016871343259661
0.0717505274689259
-0.1340027561790299
0.2504905011754292
0.6584063914870155
0.6213935634753192
0.13687905269417933
-0.42148401853600703
-1.312082446627999
-0.6290209346148494
-0.2103425824806349
0.026951663672338866
-0.1157891922522078
-0.5286513213603261
-1.357596027170919
-2.7481184457410213
-1.4467597341561957
-1.5958908625245682
-1.5083612121225933
-1.111627895217394
-1.4602504822414304
-2.6050509457357376
-3.739181253879982
-1.637811501826928
-1.1167845829145076
-0.7871331489547924
-1.9275132200376348
-1.2785316915163085
-2.159214521981008
-2.072251422316533
-2.27531535772737
-1.1798283441152004
-1.3050958768162089
-1.920034699347468
-1.8552436757343054
-2.3322858624634466
-0.9182858367765816
-0.274717094980673
0.15099741264263256
0.124594708917592
0.10559699977589143
0.019231617138974533
0.20745422201076763
-0.1198894963967502
0.08444858112738357
-0.8236825681002053
-2.713918962616338
-2.108899368527223
-1.1346875743772615
-1.5297074309396737
-1.0041820670786874
-1.0508568852640907
-0.4371716446141453
-1.140964325678681
-0.9877588531331314
-1.326982821121132
-2.047071772866317
-3.0325230951805118
-2.930049188554861
-2.361202408971384
-1.1383453855818864
-0.7217721080767101
-0.20048065413471683
-0.2939169643040739
-0.21014097840501827
-0.05199746690963558
-0.6627940762221924
-0.25861778350055864
-0.19495729137009746
0.23553976894750722
-0.09793329146589183
0.36618274948856294
-0.2753676327108406
0.2104916546111168
0.24537605603050067
-0.27813267024509003
0.046485213710489914
0.1483386168646515
0.26213890103435494
-0.6036318891350975
-0.3272317133019452
0.0724215447733299
0.22565593359426594
0.30041674710299465
0.39419445094791544
0.033895417387575066
-0.46179315979044333
-0.6721437120565974
-0.6565830906259928
-0.4997107990016649
-0.35956520285269067
0.27469638166155735
0.35525300553008404
-0.32347009943745986
-0.4043080317985723
-1.941208093157877
-0.2747628757541109
-0.49081685098948874
0.1623195090536213
0.08391077973877376
-0.030322928517631076
-0.5826777243271368
-0.7243622682532422
-0.9659744829989034
-0.3911753093411733
-0.538220190252501
-0.3303787487558004
-0.013396270616225392
0.21346958572144942
0.235876235347579
0.07544911955621764
0.21285836742848224
0.06077536660545524
0.10693525761468531
-0.15060286794376085
0.06214341633549142
0.06991046896923814
0.2253776383738153
-0.034478136013167515
-0.48050996334454954
0.031055347249966003
0.256997215123363
-0.020979235678754593
-0.045978194650275334
-0.20658870094665058
0.17015882813524413
-0.3836241654352235
-0.1481704105617122
0.10060225223801716
-0.06263983314216326
-0.9170780215775736
-0.5722302966351454
-0.4448347567796283
-0.18677710611683668
-0.20203055520078908
-0.04511400633278656
-0.1987741855941037
-0.20348281758825115
-0.28718341084521504
-0.701198620177307
-0.8442824270325817
-0.519084811562319
-1.279347382402467
-0.2985330945594332
0.3526900410474631
0.3859375828867799
-0.2501958343657446
-0.735592951827404
-1.5777325617921054
-0.606312938955655
-0.29038518196532304
-0.16612183203019426
-0.29045802019768513
-0.0016139929784524387
-0.503915454776007
-1.8781492259434158
-1.8944432018547963
-0.7106235175394622
-0.03881605616937306
-0.13672189155059247
0.2631218357934249
-0.005701853442060617
-0.2987728463526811
-0.359824359589355
-0.226250212947857
-0.03842321881650171
-0.0791519982238193
-0.6744801481788965
-1.2516399247483725
-0.40281715807341567
-0.5275847416917444
-0.14731523292135393
-0.1753495279560149
-0.529382887345649
-0.2966525744872527
-0.2931594055218551
-2.132076449299545
-2.413256527057676
-1.817207305704146
-0.2611548479037333
-0.17035876766604213
-0.46125509477836757
0.12473057697298856
0.18296115709528488
0.2718024901442007
-0.023406985728758045
-0.54596435187541
-0.7613872007575193
-0.43782623422261135
-0.9266298141628591
-2.4525304410705955
-1.9019683665905303
-1.468278801184338
-1.3841148528522964
-1.7367134627087926
-2.9762582133507265
-2.048806907621675
-2.4985172958027464
-2.948657595067339
-1.354821127018399
-0.6936129513913251
0.09085536956803902
-0.011757345024133586
0.18728922939245313
0.1190383189788975
0.02893755521600866
-0.9057853216443197
-0.8651668356266033
-0.27153151766314
-0.25611558869931017
-0.7821321769046194
-2.0021603131618546
-1.4736345804975521
-0.2527101089256669
-0.06727007670333218
0.4125747127192228
0.3334744524866731
0.12235891639143898
0.37356934543568115
0.5334656718786923
0.6712288485718223
0.6072662292683138
0.25454329954966864
0.4416759991590346
0.5334597015258233
0.6736070209635061
-0.02399154107588153
0.2542406351385926
0.25867367310870804
0.37432325213865797
0.29117652220414175
0.22192931377054165
0.012249496041307817
0.3906051492140085
0.3380164326264426
0.11211425262387853
0.5029458140881675
-0.10688666574065661
0.1067071833126983
0.05808256429018338
-0.1491960776566492
0.19638542830607703
0.4991085598280683
0.5490331870665295
-0.0026294864526097417
-0.4755604837844799
-0.28240895797526755
-0.8824857220236717
-2.2119432189930426
-3.244525787461461
-1.3827786992973559
-1.3783604850406421
-2.890700832219945
-3.679336271913758
-1.1280879680986557
-0.11403251434532036
-0.38808146051212455
-0.13950669544155364
0.15685273130451965
0.05780242461442098
0.06317860237549594
-0.9893304587254586
-0.9108297005773183
-0.42444193329242114
-0.2557918181886186
-0.40903560861452215
-0.22429004659628587
-0.8281668104883206
-0.21229141223253678
-0.11082416795496411
-0.8844460307892144
-2.117084303756841
-1.147940279865728
0.09357933365670107
-0.07395077864967395
-0.04652677446479736
0.1498576363629831
0.47680661850374445
-0.16671115815691806
-1.327267897068457
-0.7526656136453607
-0.2264050359953152
-1.25286086057124
-0.3951357896594495
-0.04670889007495921
-0.2755823497476629
0.12307478832206431
-0.025195568717338107
0.0017515746213813133
0.18288723649497513
0.08333206635270163
0.07173068585446535
-0.1840176657199185
0.18202747036804018
-0.23761653345313752
-0.10922420838240376
-0.2497792150178183
-0.05371858498154097
0.02288999104029077
-1.4159844831050943
-2.5178358396716143
-2.8725842961540633
-1.1808200162207032
-1.7496080213590857
-0.4545539150613184
-0.5232544413469604
-0.026932355511424366
-0.17280204553356185
-0.04081469980743532
-0.34557022208255994
-0.14081802490411555
-0.2059172224863955
-0.07591530305289779
-0.9868381945989724
-0.5601173763964538
-0.658202591919181
-1.2104030191818353
-2.637661367564128
-1.2843522840192334
-0.5086750443578327
-0.918740399880944
-0.7619705104105099
-2.126574432250837
-2.579570744410116
-1.8376844435632098
-0.604938660465431
-0.6970902324226802
-0.3312147822246816
-0.7866660889595969
-0.8298187674565938
-0.5498466623756395
-0.2973718992153016
-0.020228532050580894
-0.06372709183927588
-1.3331701598852128
-0.6010048559722566
-0.0285746698240954
-0.05551351548826641
0.14249795552481276
-0.4010881063327727
-0.8289614578548767
-1.0875731158374193
-1.2788508844287916
-1.0749241263826317
-0.8198858204615702
-0.5232329657818056
-0.779434762490653
-0.292895482572683
-0.35667594840931965
0.19480347445473883
0.547083267159324
0.3965112467065474
0.6077227546742778
0.3892407247440554
0.5782302528903218
0.4127481166312274
-0.09977969563955785
-0.2555835773313644
-0.2463605780672865
-0.8744966376753163
-0.15402942474735387
-0.32332047873570235
-0.1699165844838986
0.25784443814185676
0.2571928925210321
-1.129538167495839
-1.973423201510387
-0.24502759101917854
-1.3305676737245562
-1.4172442577425033
-0.7553434239740331
-1.3001749505103897
-1.1082196563704545
-0.37959861088274266
-0.3535704809266115
-0.5634436346870515
-1.0553272078384337
-1.4704529445773387
-1.056427982235891
-2.100343000902613
-3.072333233095991
-1.9651326210934874
-0.3276397281959736
0.034512449131777256
-0.1879753994768154
0.030812276779274617
0.13322299717245917
0.34746533903367877
0.24488580558680234
-0.14625164373571325
-1.356252171790857
-0.3034983077422896
0.03954205339991751
0.004712063535297684
-0.14296421852798652
-1.0101878495589849
-0.4736768234516909
-0.4906013209527619
0.015956132897699427
0.2689153757036999
-0.06574849911957759
0.29884368260688593
0.16561400973344492
0.1074652904231253
-0.29428445239034556
-1.0460827988909562
-0.8323563670521297
-1.0432297351896782
-0.2121834090448287
-0.04165840420050082
0.3767532814461462
-0.09160724561221523
0.33248404241454127
0.5568077811732086
0.7027836736306259
0.5798947928639122
0.5949796394750921
0.9060667015720707
-0.4884490613172637
0.47355424636692084
0.3243709858698251
0.5238545188478825
0.12521289317356948
-0.06483165034649127
0.33318828556326235
-0.012305502113334171
-0.19942972593796765
-0.4121997383220411
-0.10732094160895522
-2.4450125875900857
-1.7014765276195307
-0.3940972656762562
-0.3745655059144443
-0.025120681757369867
0.19949209819105707
0.44718106981689615
-0.7960456630398858
-2.7234076063958392
-1.263643059931798
-1.7564413814396247
-2.020045449545769
-0.7846294652732977
0.028143712062346005
0.35224847019933375
0.2417582571367421
0.10132362225887992
-0.6151498681820482
-0.24825997464454702
0.07431286149813138
-0.027922609442229213
0.13734217612011468
0.3021678517001786
0.5319288751381228
0.24560088618745773
-0.3206393681832814
0.09839516655146369
-0.9455316677857344
-0.14345510667290748
0.11160891966758107
-0.15069379074682393
-0.7990988586941972
0.0916893296337829
0.2244708318171293
0.027556198150166245
-0.6806389926042371
-1.2477858697271877
0.13756022361828746
0.6579848412513867
-0.2524760815268631
-0.6338132221378385
0.09324907627565676
0.40241653715229825
0.5040971169625748
0.36377083192204723
-0.4521073108990463
-0.1540413240010875
-0.08971744625240274
-0.10913275915499454
-1.5884168485899435
-0.3321517922803354
-0.3884601735368054
0.0814814529632128
-0.03322564739358341
-0.5449796740888845
-1.5538282439125322
-0.3101225187719636
0.3662687749469041
0.4458922641026865
0.42689501488854925
0.6617840022918304
1.049343266229241
-0.09390521964589904
0.2425942202850631
-0.4422003221616274
0.22667585529307877
-0.28890968055233096
0.7462339088127266
0.532668329001512
-0.48519390716389205
0.052032657380704894
0.11532564774164117
-0.039324581367580214
0.19436115782821323
-0.3326057108753617
0.6428832435397185
0.8733783835720079
-0.03608842620915692
-0.6474008496691153
-0.9123834209518096
-1.2543211409226693
-0.8194684498687619
-0.8159866260405892
-0.2891213907768078
-0.14986441965975122
0.058859959399345574
-0.02128193920546584
0.03521696004398828
-0.562732241148411
0.16742810029875332
-0.009499359019300102
-0.31891253820901333
0.19827385619749022
-0.18845345320729162
0.40716968173169915
-0.00895115686950021
0.37524974032181585
-0.3759997995061105
-0.721675969900897
-0.15908207090833876
-0.11990258418188096
-0.08656154065028512
-0.4113514022253063
-0.7876745905574496
-0.4315372922311542
0.12220215064653112
0.22991577756370746
0.5901037767444426
0.49920857508407596
0.1711318695461373
0.41859206418226574
0.5392669533065622
0.8421589647625078
0.647008641377274
0.6508173210674026
-0.7536847835735125
-0.01276481584052458
-0.629642792064518
-0.28267978035149754
0.15556168104366574
0.3328759695805891
-0.22502938233746542
-1.0520049416136954
-1.8586439963272496
-0.9580984735140485
-0.1845214301442104
-0.2690784232186626
-0.09390756062132186
0.06461460285631682
-0.428835510706718
-0.47818198478831764
-0.3074687884231764
-0.04929079290329341
-0.017800688857519925
0.35860677702729954
0.17986999018464556
0.8123560634369871
0.9398361021421715
0.8237405801520692
0.884898778532978
-0.16568092911628224
-0.4071566102714972
-0.30155363653171036
0.09060682957285165
-0.26130903843235065
0.15152314761917057
0.5475275725409263
0.807321963098361
0.9395424967883759
0.9589946346055107
0.9866030436744666
0.5353811850176107
0.8874172109511476
0.9140571155780319
0.7293659309846792
0.6011858903507796
0.5458081675195112
0.32658640595786087
0.3942161066947995
0.5465284956017866
-0.23458389104142452
-0.1683064687507917
0.07007669581314041
-0.3957149142909257
-0.4299898180464527
-0.5317464316340601
-0.21057161705313093
-0.7991805096023021
-0.32990044742970576
-0.06797016646486373
0.19416211566552977
0.09836084587724214
-0.2537934081599592
-0.1263527551770416
0.016738019273219773
-0.37034812837241393
-1.1294118031308593
-1.4723941756427947
-1.0091078102472786
-0.7347662062444302
-0.41098620061341357
-0.29569861469029335
-0.48287853201862085
-0.7252063749027102
-0.8551337691845684
-0.5049247756098036
-0.2407519530489564
-0.09122918227981291
0.19469597688507106
-0.18696094186621282
-0.09638416498997895
-0.06984111079285796
-0.5335521387447715
-0.40930153216551907
-0.48893207755883417
0.3840606885785259
0.5030573380383161
0.4701200959480773
0.4529542735966013
0.4396213359126941
0.11945346994526135
0.4609415171009365
0.35619272777408256
0.5238115120394409
0.6101661929936284
0.38602468169456045
0.373173767922595
0.4609420874795033
0.3558791927821627
-0.28654091859308634
-0.28079681214555297
-0.128869444402334
-0.3486763177285185
-0.19020367083908843
-0.18045580593776733
-1.2628836404489399
-1.835431798296479
-2.129460863848941
-2.5867262549460865
-2.47442257072156
-3.035983249095732
-1.9313740828615988
-0.6792626688727461
0.07886195962698439
0.13538586507501255
0.3175954556799692
0.18413094697400906
0.34508278015604715
0.4584117353335359
0.5630658993892559
0.5131219624358927
0.2587716891715973
0.2671338754938803
0.030970998349801326
0.3191944490398176
-0.13755785577164797
-0.15652005308814465
0.23597947836294775
0.17078748885751344
0.04185186354231962
-0.5405405646415197
-0.3835488073342984
-0.17783914152752484
0.3419947376052654
0.3080133948979992
0.3807380082463289
0.47195746975012604
0.35733617636176057
0.2762939951832721
0.4931232682168795
0.3833369309566362
0.12131363759279667
-4.335169764833086
-4.509220858990478
-3.528909498035132
-3.9798213272598404
-3.834370599835036
-3.81557166300891
-3.353215613279837
-4.002586729749704
-3.665279047401486
-3.303142371882162
-3.3575734188955795
-3.611838204105244
-3.4091288970008278
-3.6978459391715295
-4.006148296707968
-4.738967234751388
-5.208254143639798
-5.4475744240801
-5.72286328545798
-5.673543273311436
-5.969533231091074
-4.154970451081298
-4.2882763420265615
-3.5155090790584658
-3.402171486932035
-3.7147690751135816
-3.320852557468455
-4.006272833922605
-3.889045800545316
-3.5328403516979447
-3.869975659886317
-4.185898413340551
-4.212815037541623
-4.013798352589179
-3.9168021565084867
-4.009770376558816
-3.6449954506973996
-3.455494134555296
-3.8126546071980636
-3.4412205891656416
-2.9839967565628758
-3.331229715192505
-3.6649369492325063
-3.6873889565055853
-3.8742310819547394
-3.6754964384847653
-3.3804318803959506
-3.2178301431594725
-3.0770020085542606
-2.9317843615500037
-2.995570962584014
-3.4079524032961066
-3.425732267594133
-3.2417603456052904
-2.9931819221438194
-3.3525850672750295
-3.450448684942706
-3.4297138634288324
-2.9173764231846513
-3.312344558597253
-3.3576919513862067
-3.4188064728264416
-3.6028811742006313
-3.5310702905988656
-3.212866354848
-3.1527352047573856
-3.3222939792003516
-3.539503844614097
-3.167144743278699
-3.040159216114725
-3.0151555891097623
-2.9502714341099088
-3.3143618352936026
-3.468792378208677
-3.459276282269829
-3.309932697744285
-3.0105250938612134
-3.1359379824520066
-3.0869610006638437
-3.400701336829945
-3.4660016002084624
-3.156175150809833
-2.9825078187937284
-3.0516240772172165
-3.288181638074077
-3.3439098890880508
-3.1919720260410647
-3.3423480088905957
-2.956102234509664
-3.3699073725915043
-3.2514833229516205
-3.4793573438262957
-3.4389672477968074
-2.840519948121275
-3.158675478264806
-3.021764501605126
-3.0574345595161883
-2.901649792298941
-2.9483060794394365
-3.083124968764372
-2.879959598349295
-3.5834069573549163
-3.61009017438005
-3.91738916458068
-4.8154993111493996
-5.148394405057167
-4.829486041200687
-4.2653351041372085
-3.8127443605733276
-3.776572182418793
-3.447878508869786
-3.087285061976984
-3.1835804898840925
-3.685570164737539
-5.792929440451527
-5.960193333784342
-6.9583316468898255
-7.113677808142877
-7.383931629309682
-6.039489974470654
-6.1681487010809395
-5.932595206432288
-5.699649070984677
-4.962988142228799
-5.355546398795442
-5.891789286659717
-5.935364872033825
-5.104535648149857
-5.731021528425693
-5.654497846799622
-5.261304921041547
-5.554603044609095
-5.0525379069819785
-4.893341154809393
-4.782478740965727
-4.890727546993633
-4.796631229489007
-5.49170405058978
-4.763656086441033
-4.466845791428418
-4.5749867383240455
-5.377285843689437
-5.14752561620819
-5.403208133790149
-4.991707066699545
-5.1696531545426225
-5.849367928925377
-4.634318524098374
-4.789240643376461
-4.8806393783440605
-4.73629732585963
-5.021984154052373
-4.944928011362789
-4.575279002853748
-4.579826305458503
-4.541826261027926
-4.463705510923662
-4.225072881255495
-4.723110683351392
-4.635325320778308
-4.684824228967952
-4.364723832040396
-4.560062670098048
-4.360092993578817
-5.005416854460016
-4.889005932180582
-5.089830944141122
-4.465265485755372
-4.748254993255589
-5.141281312459199
-4.451937583869244
-4.5496458891823695
-3.951963485120065
-4.538886497678766
-4.535459541894622
-4.6168541487081125
-4.474585234436253
-4.85635800979399
-4.653273189629286
-4.737676913669907
-4.706027904739516
-4.7203087191130475
-4.491456083412517
-4.343536975978045
-4.092859281359103
-3.8760781605669714
-3.781392639412023
-3.652179777515529
-3.1464705889488815
-3.56742221707084
-3.646443107825309
-3.482736018279679
-3.7685631536870914
-3.4636098985249317
-3.3440526552746332
-3.355620241401836
-3.172086483519794
-3.29688189271708
-3.408540095307055
-3.2112767195848195
-3.0875898539814037
-3.0303055855819148
-3.076189211431398
-2.9815188674530084
-3.0705882373057243
-3.016739278233584
-3.0187653629026383
-2.9136607532056398
-2.8821720277253675
-2.8360948094303535
-2.7282520341761725
-2.635014213684203
-2.583909948570775
-3.0694686362554346
-2.8589768659097
-3.3131946060937985
-2.8419480892892635
-2.685939933499297
-3.140647967114859
-2.6352139874636937
-2.886974096196374
-2.7314809810787914
-2.9199705381124454
-2.71242822883824
-2.6923955480876454
-2.64617790173246
-2.7820133982860686
-2.376633573225817
-2.5804855222783956
-2.5031706341857
-2.5157741166937324
-2.2745990153242364
-2.2523797320168453
-2.5389033129336593
-2.741883340192936
-2.6374340391900466
-2.693832234112011
-2.715054331571094
-2.612537939190977
-2.280863941007415
-2.5347634907738334
-2.6807464183172165
-2.747211163388674
-2.8338051296597104
-2.593672867146627
-2.7949322539800985
-2.441934517388341
-2.2414903385118627
-2.6951273094428534
-2.3047232325786253
-2.6173627197493485
-2.641316464257642
-2.431130664604016
-2.7032989061102946
-2.5533061616392985
-2.461259511877465
-2.6250697974112214
-2.551544493998742
-2.5557140121900432
-2.476877723498296
-2.2562872699580026
-2.059106576446672
-2.66965879402853
-2.5291211036047385
-2.8609983764162017
-2.9242334986791363
-2.883058274102308
-2.4529411764200346
-2.411901047298822
-2.8901035110967093
-3.061810797854029
-7.478655385627698
-7.496253191299686
-7.141624525736259
-6.713891710421435
-6.915303281811663
-6.654481588617506
-6.921648990842161
-6.6777812117173285
-6.533187314946106
-6.757188015985365
-6.592315287002845
-6.440093711539127
-6.207117224379143
-5.370957662505131
-3.345073127838708
-1.948481532522567
-1.507001108333265
-1.172489600779111
-0.7876816460757239
-0.5455338264669898
-0.25875035713154904
-0.839173114852221
-0.9800423380083829
-0.6012519060358384
-1.6180349863523664
-2.0620369200749264
-2.859684580427404
-4.227017134372158
-3.059949235181089
-1.7975662504619099
-0.8062561266711832
-0.639872920517177
-0.3489212884804674
-0.158165462166311
-0.08737988660381535
-0.06553852493734297
-0.035161593849942274
0.013814255791749608
0.13026700857307155
-0.05565135734593396
-0.35799212591911556
-1.1024242871264933
-1.318888863370107
-1.9052618565672388
-1.973751219387846
-1.5847120661641625
-1.2142837924025744
-1.0573243364828928
-1.6593195929043119
-1.3619743854248918
-0.8555827128193636
-0.2176639043287683
0.3668919097000664
0.2814394113683471
-0.08319957183513843
0.06745387984867757
-0.2747242059801555
-0.5225787108580744
-0.42330551343278144
0.09253854852254684
0.0722413266225374
0.14027316443140986
-0.04370305257042262
-0.7239236521126937
0.20126504837202103
0.4563079102884425
0.7865115298573135
0.9072148753058156
0.9628535950231276
0.8502718119927328
0.9313098641343569
0.836858411313339
1.1718036512461163
1.1241726724276018
1.153919343686669
1.0309732678036587
1.2129899371377288
1.118887258594666
1.1877586945653158
1.2073142617655066
1.5337073246142563
1.655058228180515
1.5277619068119634
1.7023989080179454
1.6979497965390817
1.2975244951676814
1.751577685735157
1.4843163280643972
1.272528740758608
1.2459186904666018
1.1455574841293108
1.2467088016720622
1.1897114740386725
1.5177038069303497
1.5037073342691536
1.7618899674755373
1.6563692868047124
1.1959060654588705
0.34863768994611516
-1.4596509513122247
-3.8887950636475717
-2.7121768026989796
-3.212012142471022
-1.208511204646035
-0.021750014074093632
0.12312423900757191
-0.05769131668586752
0.4135874761460809
0.43543009779429437
0.5607527653589157
0.5011947978391056
0.2893077853225083
0.07020986584901412
0.09256930917031397
0.01709028066481505
0.38868177032224954
-0.06791007438243368
-0.40656219897186163
0.17467336014983387
0.28629485316142594
0.5903402771559247
0.4490020697820288
0.4547166370606753
0.4500019375481747
0.8011345643862344
0.8764679786292229
1.1135308791013154
1.0877312620030208
0.5724329212554489
0.8295684291641878
1.2719019828253584
1.1819848929384174
0.8456974222304876
0.7179805691814329
0.7434932352544665
1.0324701696691292
0.842713556788145
1.0739723578740032
1.2075886376923697
1.177893527042834
1.146740193523806
1.2240492193871069
1.2906907629248603
0.9901204661309795
0.7647394587578493
1.1836107381819576
-0.7314925293678123
-1.13053295914571
-0.8356665151937392
-0.36390715844789967
-0.397875265117007
0.06053588844423513
0.4857106727044281
0.10606824707884271
0.9055988845192979
0.9062723800620476
1.1986128093566875
1.3832467545550027
1.414789797449844
1.3096365738682227
0.630309678979931
0.6761376288156888
-0.19542806119241224
-0.9977586659917637
-2.7113721624329767
-2.301782677340576
-0.7257396763904236
-1.8264863603781263
-3.1072199098312443
-1.6333505185411352
-1.1743692714431013
-1.7929663453226148
-3.192138219396079
-2.316276432617516
-1.5913808630626791
-0.7599675949268461
-0.17657841621178544
-0.08304110960363964
-0.11149468371218049
-0.4623546105310204
-0.709908272077463
-0.14719683232266992
0.3514881510820684
0.5983016361531885
0.8279118566182417
0.7914138375007571
0.933400188716309
0.8342635679341441
0.8672369874424588
0.37326063406331417
0.5553562944049224
-0.14526490601375874
0.28791803260705956
0.4806083093133325
0.2681154142802404
0.5364051588288039
0.7611226970944653
0.879481590506803
0.476635012037609
1.2703443426669856
0.826825610019293
0.886615078333407
0.3181403141861117
0.5071231008497195
0.2921571929511035
0.23748509041474347
0.1553610979258549
-1.4613729340254844
-0.960524220129086
-1.3229565211066057
-2.2831585353063155
-1.182652371804945
-0.6532827579468159
-0.4298538703497589
-2.335197005452487
-0.9120529900552385
-0.9605182194593616
-2.3266075997554188
-0.6357751491559199
-0.18535724279948446
-0.41556500213892866
-0.3043273365289716
-0.9675779006436251
-0.9308351611061199
0.06450720928079279
-0.5439737686934079
-0.9886253921916532
-1.8585931070047044
-1.3514704320603539
-1.5417743545317546
-0.49190027477417436
-2.4880857448894886
-1.127361927287126
-1.4150942128633928
-1.6022413081330062
-0.04614526914681699
0.9665391134530841
0.9797234943689601
1.1598137611208663
0.9559639885442877
0.7680752618315778
-0.13753068967283893
-0.8058994416665071
-0.5776724044469439
0.2925377915558545
0.9704804504756592
0.8355751674314369
-0.5912634162088415
-0.4150227151946931
0.41983677413172676
0.7209293292460783
0.9785967240354116
0.9422697063750898
1.0225572063015476
1.1750372173124626
0.8337613012658367
1.2480340693900012
0.9745950653978632
0.9153257109269248
0.8725194338321265
0.9301139897418869
-0.5730562177276468
0.04728408562218517
0.6904505795524192
1.0201649240705029
0.595555621791876
-0.3721655547983371
-2.843649213390406
-2.6437504550672153
-1.1391766484431707
-0.6714519207983864
0.026531653605920302
0.24414130839302528
-0.07228874170672717
-0.12703941103913124
-0.3616798618608798
-0.26325547753597056
-0.44358611657301195
0.090986239737883
0.5656290558957449
0.4647482053405024
0.051177517523423866
0.4689786703189695
0.7722364892367182
0.49063542097721563
0.49899549302863705
-0.554951168124586
-0.5348017705245562
-1.3530430644114835
-1.880714654993664
-2.5311495120166474
-0.929016781121826
-1.6642677477225614
-0.5616009938326789
0.2737018705195086
0.6433166493257756
0.6086034805333853
0.41709122435402585
0.41962978326382444
0.050319763663243644
0.49872890145003285
0.8265129745076065
0.41166210314848367
-0.7646045366480032
-0.5673159212585825
-0.003145470001507278
-0.278612450762553
-1.7777620616732481
-0.7577618990456974
-0.8713044473991189
-0.3654261896286352
0.402666862143728
1.0372969649451762
0.8019623420838304
0.5883864308583666
-0.31382250158922936
-0.4910051674691066
0.35072034121207657
0.27331029867112683
-1.9550027751354493
-0.4239471501702711
-0.1391418673280318
-0.6821693314057715
0.29983381049272534
0.36082967365344093
-1.3423395549315986
-1.952147833416856
-3.2773069386935885
-2.5061779911994946
-1.0198462772611658
-1.1130909943771436
-1.3612269945780147
-0.9493834890790003
-0.5631540196512359
-0.40972597382768683
-0.5837996081976733
-0.2707624904407351
-0.9034650417385452
-0.1179799049517149
-0.048463144329848884
0.19267538009866697
0.12823909241912507
0.0598421299339052
-0.41781744364708856
-0.3507821842013438
-0.41670677581771226
-1.4145740608769968
-0.5977779540894675
-0.6063961255502299
-0.8792462930711671
-0.27244744250152547
-0.8653683592066759
-0.8579712573528391
-0.35403717971324034
0.40754865106160004
0.6301402624128079
0.6403090218137997
0.49170314327687364
0.7147725474103124
0.16896407463164925
-0.35121416399901023
-0.3991811148352289
-0.4372072284097309
-0.7690748722923411
-0.11772585430688098
0.1427712809663434
0.07478291628496564
-0.5622270309492157
-0.6492713986582686
-2.678002552412343
-4.0061161845210265
-3.5510027664648685
-3.4892446022551526
-2.8044989879739286
